-3.14159
-3.14159
-3.14159
-3.14159
-3.14159
-3.14159
-3.14159
-3.14159
-3.14159
-3.14159
-3.14159
-3.14159
-3.14159
-3.14159
-3.14159
-3.14159
-3.14159
-3.14159
-3.14159
-3.14159
-3.14159
-3.14159
-3.14159
-3.14159
-3.14159
-3.14159
-3.14159
-3.14159
-3.14159
-3.14159
-3.14159
-3.14159
-3.14159
-3.14159
-3.14159
-3.14159
-3.14159
-3.14159
-3.14159
-3.14159
-3.14159
-3.14159
-3.14159
-3.14159
-3.14159
-3.14159
-3.14159
-3.14159
-3.14159
-3.14159
-3.14159
-3.14159
-3.14159
-3.14159
-3.14159
-3.14159
-3.14159
-3.14159
-3.14159
-3.14159
-3.14159
-3.14159
-3.14159
-3.14159
-3.14159
-3.14159
-3.14159
-3.14159
-3.14159
-3.14159
-3.14159
-3.14159
-3.14159
-3.14159
-3.14159
-3.14159
-3.14159
-3.14159
-3.14159
-3.14159
-3.14159
-3.14159
-3.14159
-3.14159
-3.14159
-3.14159
-3.14159
-3.14159
-3.14159
-3.14159
-3.14159
-3.14159
-3.14159
-3.14159
-3.14159
-3.14159
-3.14159
-3.14159
-3.14159
-3.14159
-3.14159
-3.14159
-3.14473
-3.14473
-3.14473
-3.14473
-3.14473
-3.14473
-3.14473
-3.14473
-3.14473
-3.14473
-3.14473
-3.14473
-3.14473
-3.14788
-3.14788
-3.14788
-3.14788
-3.14788
-3.14788
-3.14788
-3.14788
-3.14788
-3.14788
-3.14788
-3.14788
-3.15102
-3.15102
-3.15102
-3.15102
-3.15102
-3.15102
-3.15102
-3.15102
-3.15102
-3.15102
-3.15102
-3.15102
-3.15102
-3.15102
-3.15102
-3.15102
-3.15102
-3.15102
-3.15102
-3.15102
-3.15102
-3.15102
-3.15102
-3.15102
-3.15102
-3.15102
-3.15102
-3.15102
-3.15102
-3.15102
-3.15102
-3.15102
-3.15102
-3.15102
-3.15102
-3.15102
-3.15102
-3.15102
-3.15102
-3.15102
-3.15416
-3.15416
-3.15416
-3.15416
-3.15416
-3.15416
-3.15416
-3.15416
-3.15416
-3.15416
-3.15416
-3.15416
-3.15416
-3.15416
-3.15416
-3.15416
-3.15416
-3.15416
-3.15416
-3.15416
-3.15416
-3.15416
-3.15416
-3.15416
-3.15416
-3.15416
-3.15416
-3.15416
-3.15416
-3.15416
-3.15416
-3.15416
-3.15416
-3.15416
-3.15416
-3.15416
-3.15416
-3.15416
-3.15416
-3.15416
-3.15416
-3.15416
-3.15416
-3.15416
-3.15416
-3.15416
-3.15416
-3.15416
-3.15416
-3.15416
-3.15416
-3.15416
-3.15416
-3.15416
-3.15416
-3.15416
-3.15416
-3.15416
-3.15416
-3.15416
-3.15102
-3.15102
-3.15102
-3.15102
-3.15102
-3.15102
-3.15102
-3.15102
-3.15102
-3.15102
-3.15102
-3.14788
-3.14788
-3.14788
-3.14788
-3.14788
-3.14788
-3.14788
-3.14788
-3.14788
-3.14788
-3.14788
-3.14788
-3.14788
-3.14788
-3.14788
-3.14788
-3.14788
-3.14788
-3.14788
-3.14788
-3.14788
-3.14473
-3.14473
-3.14473
-3.14473
-3.14473
-3.14473
-3.14473
-3.14473
-3.14473
-3.14473
-3.14788
-3.14788
-3.14788
-3.14788
-3.14788
-3.14788
-3.14788
-3.14788
-3.14788
-3.14473
-3.14473
-3.14473
-3.14473
-3.14473
-3.14473
-3.14473
-3.14473
-3.14473
-3.14473
-3.14473
-3.14473
-3.14473
-3.14473
-3.14473
-3.14159
-3.14159
-3.14159
-3.14159
-3.14159
-3.14159
-3.14159
-3.14159
-3.14159
-3.14159
-3.14159
-3.13845
-3.13845
-3.13845
-3.13845
-3.13845
-3.13845
-3.13845
-3.13845
-3.13845
-3.13845
-3.13845
-3.13845
-3.13845
-3.13845
-3.13845
-3.13845
-3.13845
-3.13845
-3.13845
-3.13845
-3.13845
-3.13845
-3.13845
-3.13845
-3.13845
-3.13845
-3.13845
-3.13845
-3.13845
-3.13845
-3.13845
-3.13845
-3.13845
-3.13845
-3.13845
-3.13845
-3.13845
-3.14159
-3.14159
-3.14159
-3.14159
-3.14159
-3.14159
-3.14159
-3.14159
-3.14159
-3.14159
-3.14159
-3.14159
-3.14159
-3.14159
-3.14159
-3.14159
-3.14159
-3.14159
-3.14159
-3.14159
-3.14159
-3.14159
-3.14159
-3.14159
-3.14159
-3.14159
-3.14159
-3.14159
-3.14159
-3.14159
0.37537,0.00000,0.00000,0.00000,-16.84,-3.14159
0.37499,-0.00000,-0.07110,-0.21962,-19.71,-3.14159
0.37420,-0.00112,-0.15421,-0.47477,-22.01,-3.14159
0.37295,-0.00399,-0.24691,-0.75968,-22.23,-3.14473
0.37119,-0.00833,-0.34039,-1.04727,-20.52,-3.14788
0.36896,-0.01458,-0.42631,-1.31269,-15.59,-3.15416
0.36641,-0.02212,-0.49094,-1.51402,-7.65,-3.16044
0.36374,-0.03029,-0.52139,-1.61205,3.03,-3.16673
0.36115,-0.03840,-0.50606,-1.57110,16.03,-3.17301
0.35897,-0.04580,-0.43504,-1.36155,31.18,-3.17929
0.35734,-0.05100,-0.29979,-0.95548,46.20,-3.18243
0.35653,-0.05454,-0.10132,-0.35790,62.57,-3.18872
0.35659,-0.05509,0.16482,0.44925,77.28,-3.19186
0.35769,-0.05159,0.49026,1.44195,88.00,-3.19186
0.35984,-0.04426,0.85650,2.56921,92.75,-3.19186
0.36299,-0.03351,1.23678,3.75101,90.41,-3.19186
0.36694,-0.02005,1.59974,4.89213,80.35,-3.19186
0.37145,-0.00400,1.91196,5.89078,60.94,-3.18872
0.37623,0.01409,2.13392,6.62442,31.54,-3.18243
0.38092,0.03144,2.22466,6.95892,-3.28,-3.17929
0.38469,0.04718,2.16123,6.82570,-44.25,-3.17301
0.38709,0.05950,1.92041,6.14666,-87.95,-3.16673
0.38808,0.06581,1.49606,4.88814,-126.75,-3.16358
0.38716,0.06505,0.91240,3.12330,-157.96,-3.16044
0.38412,0.05592,0.20592,0.97232,-180.44,-3.16044
0.37908,0.03914,-0.58237,-1.44465,-191.92,-3.16044
0.37229,0.01566,-1.40240,-3.97946,-190.10,-3.16044
0.36416,-0.01408,-2.19471,-6.45713,-170.84,-3.16358
0.35515,-0.04798,-2.88433,-8.64383,-134.88,-3.16673
0.34589,-0.08436,-3.40085,-10.32186,-81.89,-3.17301
0.33705,-0.12007,-3.67500,-11.26894,-15.92,-3.17929
0.32943,-0.15178,-3.65641,-11.31971,57.63,-3.18558
0.32417,-0.17631,-3.31688,-10.38320,134.65,-3.19186
0.32154,-0.19184,-2.65105,-8.43095,209.50,-3.20128
0.32220,-0.19512,-1.67602,-5.50608,274.38,-3.20757
0.32629,-0.18418,-0.44405,-1.76420,322.83,-3.21071
0.33376,-0.15945,0.96659,2.55275,352.69,-3.21385
0.34430,-0.12251,2.46886,7.17117,364.26,-3.21699
0.35726,-0.07581,3.97862,11.83195,357.54,-3.22013
0.37191,-0.02129,5.41521,16.29365,329.96,-3.22013
0.38742,0.03783,6.69049,20.28937,281.20,-3.22013
0.40296,0.09920,7.71853,23.56284,208.71,-3.21699
0.41765,0.15819,8.40579,25.81213,119.06,-3.21699
0.43063,0.21191,8.68798,26.82167,18.33,-3.21385
0.44099,0.25695,8.52738,26.44345,-81.67,-3.20757
0.44709,0.28889,7.93204,24.67831,-168.47,-3.20128
0.44932,0.30342,6.97399,21.69487,-217.93,-3.19814
0.44739,0.29934,5.81936,18.00200,-221.13,-3.19500
0.44184,0.27772,4.67151,14.24124,-175.49,-3.19500
0.43376,0.24383,3.74058,11.10863,-93.40,-3.19500
0.42481,0.20492,3.18111,9.13276,6.90,-3.19500
0.41725,0.16754,3.06987,8.56931,114.73,-3.19814
0.41225,0.13911,3.42840,9.51686,211.55,-3.19814
0.41088,0.12409,4.19985,11.79969,289.17,-3.19814
0.41354,0.12472,5.29150,15.12880,341.75,-3.19814
0.42021,0.14127,6.58761,19.14625,364.72,-3.19814
0.43042,0.17333,7.95534,23.45200,350.68,-3.19500
0.44327,0.21703,9.23474,27.55058,299.53,-3.19500
0.45748,0.27016,10.26707,30.95720,206.44,-3.18872
0.47171,0.32596,10.87954,33.09891,85.13,-3.18558
0.48440,0.37832,10.95931,33.57387,-45.72,-3.17929
0.49306,0.41946,10.46919,32.21689,-163.60,-3.17301
0.49742,0.44166,9.48074,29.16437,-231.23,-3.16987
0.49685,0.44114,8.21550,25.06824,-226.33,-3.16673
0.49183,0.41929,6.98725,20.91507,-143.85,-3.16358
0.48392,0.38199,6.12789,17.79617,2.46,-3.16358
0.47608,0.34021,5.90946,16.65177,180.66,-3.16358
0.47076,0.30599,6.45858,17.97892,349.87,-3.16358
0.47030,0.29055,7.72500,21.69304,473.43,-3.16044
0.47599,0.29914,9.50217,27.18117,529.76,-3.16044
0.48776,0.33463,11.49238,33.55183,495.86,-3.15730
0.50436,0.39421,13.30625,39.60196,360.95,-3.15416
0.52339,0.47101,14.51428,43.94882,133.40,-3.14788
0.54156,0.55141,14.73039,45.26395,-145.44,-3.14159
0.55432,0.61696,13.74763,42.74722,-414.28,-3.13531
0.55913,0.64762,11.63478,36.41050,-587.16,-3.13217
0.55417,0.63046,8.81588,27.37539,-578.81,-3.12903
0.53997,0.56483,6.06622,17.93419,-331.61,-3.12903
0.51996,0.46875,4.39698,11.43065,106.51,-3.12589
0.50141,0.36999,4.61997,10.78919,614.58,-3.12903
0.49135,0.30292,7.01101,17.27516,1042.62,-3.12589
0.49571,0.29080,11.19983,29.88398,1307.58,-3.12589
0.51663,0.34783,16.46120,46.51418,1324.86,-3.12274
0.55250,0.47736,21.72473,64.06571,992.97,-3.11960
0.59798,0.67114,25.49057,77.76084,305.10,-3.11646
0.64332,0.89592,26.24027,82.20081,-557.94,-3.11018
0.67522,1.08107,23.31270,75.15330,-1469.41,-3.10389
0.68389,1.14704,16.67992,56.77569,-2380.85,-3.10075
0.66269,1.04364,6.44939,25.97365,-2828.88,-3.09761
0.60773,0.76626,-5.58173,-14.56674,-1966.07,-3.09447
0.52349,0.39309,-13.98801,-45.32398,-459.50,-3.09133
0.43626,0.07024,-15.84779,-51.37260,-8.82,-3.09447
0.37477,-0.12824,-15.63585,-47.57160,-591.35,-3.09447
0.33735,-0.23767,-17.81192,-51.20373,-1366.58,-3.09761
0.30485,-0.33483,-23.23357,-66.24672,-1900.75,-3.10075
0.26160,-0.48685,-30.89982,-90.52479,-1816.12,-3.10389
0.20182,-0.74251,-38.11468,-115.76005,-929.18,-3.11018
0.13358,-1.09688,-41.27751,-128.31159,207.10,-3.11960
0.07811,-1.43206,-39.36646,-123.99135,1183.78,-3.12589
0.05184,-1.60333,-33.32874,-108.34235,2464.67,-3.13531
0.06047,-1.55590,-22.28310,-81.65447,4818.74,-3.14159
0.11095,-1.29151,-2.32568,-29.09602,7644.70,-3.14473
0.22402,-0.78187,29.16694,67.97736,8150.82,-3.15102
0.42594,-0.13971,62.83229,156.43742,12750.01,-3.15416
0.69039,0.35181,118.94822,335.58843,12659.53,-3.15416
1.10300,1.67389,159.34811,589.73517,-22688.93,-3.15416
1.52301,3.86745,71.86638,535.23006,-87490.90,-3.15730
1.30500,1.85860,-153.43319,-196.28239,-83176.77,-3.15730
0.35769,-0.00214,-488.69544,-4.16267,-426246.16,-3.16044
-1.59579,-0.09497,-2056.04552,-4865.94116,-479476.53,-3.16358
-1.69682,1.30201,-1183.98947,-52551.70746,13213751.00,-3.16987
-22.72143,-12.57274,-216794.98133,4338850.10447,-1366316672.00,-3.17615
152.11966,20.06462,ovf,ovf,ovf,-3.17929
-14617218.26082,41032563.31533,ovf,ovf,ovf,-3.18558
ovf,ovf,ovf,ovf,inf,-3.18558
nan,nan,nan,nan,nan,-3.18872
nan,nan,nan,nan,nan,-3.19186
nan,nan,nan,nan,nan,-3.19186
nan,nan,nan,nan,nan,-3.19186
nan,nan,nan,nan,nan,-3.19500
nan,nan,nan,nan,nan,-3.19814
nan,nan,nan,nan,nan,-3.20128
nan,nan,nan,nan,nan,-3.20128
nan,nan,nan,nan,nan,-3.20442
nan,nan,nan,nan,nan,-3.20757
nan,nan,nan,nan,nan,-3.21071
nan,nan,nan,nan,nan,-3.21385
nan,nan,nan,nan,nan,-3.21699
nan,nan,nan,nan,nan,-3.22013
nan,nan,nan,nan,nan,-3.22327
nan,nan,nan,nan,nan,-3.22642
nan,nan,nan,nan,nan,-3.22956
nan,nan,nan,nan,nan,-3.23270
nan,nan,nan,nan,nan,-3.23898
nan,nan,nan,nan,nan,-3.24212
nan,nan,nan,nan,nan,-3.24841
nan,nan,nan,nan,nan,-3.25155
nan,nan,nan,nan,nan,-3.25783
nan,nan,nan,nan,nan,-3.26412
nan,nan,nan,nan,nan,-3.27040
nan,nan,nan,nan,nan,-3.27668
nan,nan,nan,nan,nan,-3.27982
nan,nan,nan,nan,nan,-3.28925
nan,nan,nan,nan,nan,-3.29553
nan,nan,nan,nan,nan,-3.30181
nan,nan,nan,nan,nan,-3.31124
nan,nan,nan,nan,nan,-3.31752
nan,nan,nan,nan,nan,-3.32695
nan,nan,nan,nan,nan,-3.33323
nan,nan,nan,nan,nan,-3.34265
nan,nan,nan,nan,nan,-3.35208
nan,nan,nan,nan,nan,-3.36150
nan,nan,nan,nan,nan,-3.36779
nan,nan,nan,nan,nan,-3.37721
nan,nan,nan,nan,nan,-3.38978
nan,nan,nan,nan,nan,-3.39920
nan,nan,nan,nan,nan,-3.40863
nan,nan,nan,nan,nan,-3.41805
nan,nan,nan,nan,nan,-3.43062
nan,nan,nan,nan,nan,-3.44319
nan,nan,nan,nan,nan,-3.45575
nan,nan,nan,nan,nan,-3.46832
nan,nan,nan,nan,nan,-3.48088
nan,nan,nan,nan,nan,-3.49345
nan,nan,nan,nan,nan,-3.50916
nan,nan,nan,nan,nan,-3.52173
nan,nan,nan,nan,nan,-3.53743
nan,nan,nan,nan,nan,-3.55314
nan,nan,nan,nan,nan,-3.56885
nan,nan,nan,nan,nan,-3.58456
nan,nan,nan,nan,nan,-3.60341
nan,nan,nan,nan,nan,-3.61911
nan,nan,nan,nan,nan,-3.63796
nan,nan,nan,nan,nan,-3.65681
nan,nan,nan,nan,nan,-3.67566
nan,nan,nan,nan,nan,-3.69765
nan,nan,nan,nan,nan,-3.71965
nan,nan,nan,nan,nan,-3.73850
nan,nan,nan,nan, 
Safety angle exceeded - Turning off controllers
-3.76363
-3.78562
-3.81075
-3.83274
-3.85788
-3.88615
-3.91442
-3.94270
-3.97097
-4.00239
-4.03066
-4.06522
-4.09664
-4.13119
-4.16575
-4.20345
-4.24115
-4.27885
-4.31969
-4.36053
-4.40451
-4.44535
-4.49248
-4.53646
-4.58673
-4.63385
-4.68411
-4.73438
-4.78779
-4.84119
-4.89774
-4.95429
-5.01084
-5.07053
-5.13022
-5.19305
-5.25588
-5.31872
-5.38469
-5.45066
-5.51664
-5.58575
-5.65487
-5.72398
-5.79310
-5.86535
-5.93761
-6.00987
-6.08212
-6.15438
-6.22664
-6.29889
-6.37115
-6.44341
-6.51566
-6.58792
-6.65704
-6.72615
-6.79527
-6.86438
-6.93350
-6.99947
-7.06544
-7.12827
-7.19425
-7.25394
-7.31677
-7.37646
-7.43615
-7.49270
-7.54925
-7.60265
-7.65606
-7.70947
-7.75974
-7.81000
-7.85712
-7.90425
-7.94823
-7.99221
-8.03619
-8.07703
-8.11788
-8.15557
-8.19327
-8.23097
-8.26553
-8.30009
-8.33150
-8.36292
-8.39434
-8.42261
-8.45088
-8.47916
-8.50429
-8.52942
-8.55456
-8.57655
-8.59854
-8.61739
-8.63624
-8.65509
-8.67394
-8.68965
-8.70535
-8.72106
-8.73677
-8.74934
-8.76190
-8.77133
-8.78389
-8.79332
-8.80274
-8.80903
-8.81531
-8.82159
-8.82788
-8.83416
-8.83730
-8.84044
-8.84358
-8.84358
-8.84673
-8.84673
-8.84673
-8.84358
-8.84358
-8.84044
-8.83416
-8.83102
-8.82473
-8.82159
-8.81217
-8.80588
-8.79646
-8.78703
-8.77761
-8.76819
-8.75562
-8.74305
-8.73049
-8.71478
-8.69907
-8.68336
-8.66765
-8.64880
-8.62996
-8.61111
-8.58912
-8.56712
-8.54513
-8.52000
-8.49801
-8.46974
-8.44460
-8.41633
-8.38805
-8.35664
-8.32522
-8.29381
-8.25925
-8.22469
-8.18699
-8.14929
-8.11159
-8.07075
-8.02991
-7.98907
-7.94509
-7.90111
-7.85398
-7.80686
-7.75659
-7.70633
-7.65606
-7.60265
-7.54925
-7.49270
-7.43615
-7.37960
-7.31991
-7.26022
-7.19739
-7.13456
-7.07173
-7.00575
-6.94292
-6.87381
-6.80783
-6.74186
-6.67274
-6.60363
-6.53451
-6.46540
-6.39314
-6.32403
-6.25491
-6.18266
-6.11354
-6.04443
-5.97531
-5.90620
-5.84022
-5.77425
-5.70513
-5.64230
-5.57633
-5.51350
-5.45066
-5.39097
-5.33128
-5.27159
-5.21190
-5.15849
-5.10195
-5.04854
-4.99513
-4.94487
-4.89460
-4.84748
-4.79721
-4.75323
-4.70925
-4.66527
-4.62442
-4.58358
-4.54274
-4.50504
-4.47049
-4.43279
-4.39823
-4.36681
-4.33540
-4.30398
-4.27571
-4.24743
-4.22230
-4.19717
-4.17204
-4.15004
-4.12805
-4.10606
-4.08721
-4.06836
-4.05265
-4.03695
-4.02124
-4.00867
-3.99611
-3.98354
-3.97097
-3.96155
-3.95527
-3.94584
-3.93956
-3.93327
-3.93013
-3.92699
-3.92385
-3.92071
-3.92071
-3.92071
-3.92071
-3.92385
-3.92699
-3.93013
-3.93642
-3.94270
-3.94898
-3.95527
-3.96469
-3.97411
-3.98668
-3.99925
-4.01181
-4.02438
-4.04009
-4.05580
-4.07150
-4.09035
-4.10920
-4.12805
-4.15004
-4.17204
-4.19717
-4.22230
-4.24743
-4.27257
-4.30084
-4.33226
-4.36053
-4.39195
-4.42650
-4.46106
-4.49562
-4.53332
-4.57102
-4.60872
-4.64956
-4.69354
-4.73438
-4.77836
-4.82549
-4.87261
-4.91973
-4.97000
-5.02027
-5.07367
-5.12708
-5.18363
-5.23704
-5.29673
-5.35327
-5.41296
-5.47265
-5.53549
-5.59832
-5.66115
-5.72398
-5.78996
-5.85279
-5.91876
-5.98473
-6.05385
-6.11982
-6.18580
-6.25177
-6.32088
-6.38686
-6.45283
-6.51881
-6.58478
-6.65075
-6.71358
-6.77956
-6.84239
-6.90208
-6.96491
-7.02460
-7.08429
-7.14084
-7.19739
-7.25394
-7.31049
-7.36389
-7.41416
-7.46443
-7.51469
-7.56496
-7.61208
-7.65606
-7.70004
-7.74403
-7.78487
-7.82571
-7.86655
-7.90425
-7.93880
-7.97650
-8.00792
-8.04248
-8.07389
-8.10217
-8.13044
-8.15872
-8.18385
-8.20898
-8.23412
-8.25611
-8.27496
-8.29695
-8.31580
-8.33150
-8.34721
-8.36292
-8.37549
-8.38805
-8.40062
-8.41004
-8.41947
-8.42575
-8.43204
-8.43832
-8.44146
-8.44460
-8.44774
-8.44774
-8.44774
-8.44774
-8.44460
-8.44146
-8.43518
-8.42889
-8.42261
-8.41319
-8.40376
-8.39434
-8.38177
-8.36920
-8.35350
-8.34093
-8.32208
-8.30637
-8.28752
-8.26553
-8.24668
-8.22155
-8.19956
-8.17443
-8.14929
-8.12102
-8.09274
-8.06447
-8.03305
-7.99850
-7.96708
-7.92938
-7.89482
-7.85712
-7.81942
-7.77858
-7.73774
-7.69376
-7.64978
-7.60580
-7.55867
-7.51155
-7.46128
-7.41102
-7.35761
-7.30735
-7.25080
-7.19739
-7.14084
-7.08429
-7.02460
-6.96805
-6.90836
-6.84553
-6.78584
-6.72301
-6.66018
-6.59734
-6.53451
-6.47168
-6.40571
-6.34288
-6.28004
-6.21407
-6.15124
-6.08841
-6.02558
-5.96274
-5.89991
-5.83708
-5.78681
-5.75226
-5.72398
-5.70199
-5.68942
-5.68000
-5.67686
-5.67372
-5.67372
-5.67686
-5.68000
-5.68628
-5.68942
-5.69571
-5.69885
-5.70513
-5.71456
-5.72084
-5.73027
-5.73969
-5.74911
-5.75854
-5.77111
-5.78367
-5.79624
-5.80881
-5.82451
-5.84022
-5.85593
-5.86850
-5.88420
-5.90305
-5.91876
-5.93761
-5.95332
-5.97217
-5.99102
-6.00987
-6.02872
-6.04757
-6.06956
-6.08841
-6.11040
-6.13239
-6.15124
-6.17323
-6.19522
-6.21721
-6.23606
-6.25805
-6.28004
-6.29889
-6.32088
-6.34288
-6.36487
-6.38372
-6.40571
-6.42770
-6.44655
-6.46540
-6.48739
-6.50624
-6.52509
-6.54394
-6.56279
-6.57850
-6.59734
-6.61305
-6.63190
-6.64761
-6.66332
-6.67903
-6.69159
-6.70730
-6.71987
-6.73243
-6.74500
-6.75757
-6.77013
-6.77956
-6.78898
-6.79841
-6.80783
-6.81726
-6.82354
-6.82982
-6.83611
-6.84239
-6.84553
-6.84867
-6.85181
-6.85496
-6.85810
-6.85810
-6.85810
-6.85810
-6.85810
-6.85496
-6.85181
-6.84867
-6.84553
-6.83925
-6.83611
-6.82982
-6.82040
-6.81411
-6.80783
-6.79841
-6.78898
-6.77956
-6.76699
-6.75757
-6.74500
-6.73243
-6.71987
-6.70416
-6.69159
-6.67588
-6.66332
-6.64761
-6.63190
-6.61305
-6.59734
-6.58164
-6.56279
-6.54394
-6.52509
-6.50624
-6.48739
-6.46854
-6.44969
-6.43084
-6.41199
-6.39000
-6.37115
-6.35230
-6.33031
-6.31146
-6.28947
-6.27062
-6.24863
-6.22978
-6.20779
-6.18894
-6.17009
-6.14810
-6.12925
-6.11040
-6.09155
-6.07270
-6.05385
-6.03814
-6.02558
-6.01615
-6.00987
-6.00987
-6.00987
-6.00987
-6.00987
-6.01301
-6.01301
-6.01615
-6.01929
-6.02243
-6.02558
-6.03186
-6.03500
-6.03814
-6.04443
-6.04757
-6.05385
-6.06013
-6.06642
-6.07270
-6.07898
-6.08527
-6.09155
-6.10097
-6.10726
-6.11354
-6.12296
-6.12925
-6.13867
-6.14810
-6.15438
-6.16381
-6.17323
-6.18266
-6.19208
-6.20150
-6.21093
-6.22035
-6.22978
-6.23920
-6.24863
-6.25805
-6.26748
-6.28004
-6.28947
-6.29889
-6.30832
-6.31774
-6.32717
-6.33659
-6.34602
-6.35544
-6.36487
-6.37429
-6.38372
-6.39314
-6.40257
-6.40885
-6.41827
-6.42770
-6.43398
-6.44341
-6.44969
-6.45912
-6.46540
-6.47168
-6.47796
-6.48425
-6.49053
-6.49681
-6.50310
-6.50938
-6.51252
-6.51881
-6.52195
-6.52823
-6.53137
-6.53451
-6.53765
-6.54080
-6.54080
-6.54394
-6.54708
-6.54708
-6.54708
-6.54708
-6.55022
-6.55022
-6.55022
-6.54708
-6.54708
-6.54394
-6.54394
-6.54080
-6.54080
-6.53765
-6.53451
-6.53137
-6.52509
-6.52195
-6.51881
-6.51252
-6.50938
-6.50310
-6.49681
-6.49053
-6.48739
-6.48111
-6.47168
-6.46540
-6.45912
-6.45283
-6.44341
-6.43712
-6.43084
-6.42142
-6.41513
-6.40571
-6.39628
-6.38686
-6.38058
-6.37115
-6.36173
-6.35230
-6.34288
-6.33345
-6.32403
-6.31460
-6.30518
-6.29575
-6.28633
-6.27690
-6.26748
-6.25805
-6.25177
-6.24234
-6.23292
-6.22350
-6.21407
-6.20465
-6.19522
-6.18894
-6.17951
-6.17009
-6.16381
-6.15438
-6.14810
-6.13867
-6.13239
-6.12611
-6.11668
-6.11040
-6.10412
-6.09783
-6.09155
-6.08527
-6.08212
-6.07584
-6.06956
-6.06642
-6.06327
-6.05699
-6.05385
-6.05071
-6.04757
-6.04443
-6.04128
-6.04128
-6.03814
-6.03814
-6.03500
-6.03500
-6.03500
-6.03500
-6.03500
-6.03500
-6.03500
-6.03814
-6.03814
-6.04128
-6.04128
-6.04443
-6.04757
-6.05071
-6.05385
-6.05699
-6.06013
-6.06642
-6.06956
-6.07584
-6.07898
-6.08527
-6.09155
-6.09783
-6.10412
-6.11040
-6.11668
-6.12296
-6.12925
-6.13553
-6.14496
-6.15124
-6.15752
-6.16695
-6.17323
-6.18266
-6.19208
-6.19836
-6.20779
-6.21721
-6.22350
-6.23292
-6.24234
-6.25177
-6.26119
-6.26748
-6.27690
-6.28633
-6.29575
-6.30518
-6.31146
-6.32088
-6.33031
-6.33973
-6.34602
-6.35544
-6.36487
-6.37115
-6.38058
-6.39000
-6.39628
-6.40257
-6.41199
-6.41827
-6.42456
-6.43398
-6.44026
-6.44655
-6.45283
-6.45912
-6.46540
-6.46854
-6.47482
-6.48111
-6.48425
-6.49053
-6.49367
-6.49681
-6.50310
-6.50624
-6.50938
-6.51252
-6.51252
-6.51566
-6.51881
-6.51881
-6.52195
-6.52195
-6.52195
-6.52195
-6.52195
-6.52195
-6.52195
-6.52195
-6.51881
-6.51881
-6.51566
-6.51252
-6.51252
-6.50938
-6.50624
-6.50310
-6.49996
-6.49367
-6.49053
-6.48739
-6.48111
-6.47796
-6.47168
-6.46540
-6.46226
-6.45597
-6.44969
-6.44341
-6.43712
-6.43084
-6.42142
-6.41513
-6.40885
-6.40257
-6.39314
-6.38686
-6.37743
-6.37115
-6.36173
-6.35544
-6.34602
-6.33973
-6.33031
-6.32088
-6.31460
-6.30518
-6.29575
-6.28947
-6.28004
-6.27062
-6.26434
-6.25491
-6.24549
-6.23920
-6.22978
-6.22350
-6.21407
-6.20779
-6.19836
-6.19208
-6.18266
-6.17637
-6.17009
-6.16381
-6.15438
-6.14810
-6.14181
-6.13553
-6.12925
-6.12296
-6.11982
-6.11354
-6.10726
-6.10412
-6.09783
-6.09469
-6.08841
-6.08527
-6.08212
-6.07898
-6.07584
-6.07270
-6.06956
-6.06956
-6.06642
-6.06327
-6.06327
-6.06327
-6.06327
-6.06013
-6.06013
-6.06013
-6.06013
-6.06327
-6.06327
-6.06327
-6.06642
-6.06956
-6.06956
-6.07270
-6.07584
-6.07898
-6.08212
-6.08527
-6.08841
-6.09155
-6.09783
-6.10097
-6.10726
-6.11040
-6.11668
-6.12296
-6.12611
-6.13239
-6.13867
-6.14496
-6.15124
-6.15752
-6.16381
-6.17323
-6.17951
-6.18580
-6.19208
-6.20150
-6.20779
-6.21407
-6.22350
-6.22978
-6.23920
-6.24549
-6.25491
-6.26119
-6.27062
-6.27690
-6.28633
-6.29261
-6.30204
-6.30832
-6.31774
-6.32403
-6.33345
-6.33973
-6.34916
-6.35544
-6.36173
-6.37115
-6.37743
-6.38372
-6.39000
-6.39628
-6.40257
-6.40885
-6.41513
-6.42142
-6.42770
-6.43398
-6.44026
-6.44341
-6.44969
-6.45283
-6.45912
-6.46226
-6.46854
-6.47168
-6.47482
-6.47796
-6.48111
-6.48425
-6.48739
-6.48739
-6.49053
-6.49053
-6.49367
-6.49367
-6.49367
-6.49681
-6.49681
-6.49681
-6.49681
-6.49367
-6.49367
-6.49367
-6.49053
-6.49053
-6.48739
-6.48739
-6.48425
-6.48111
-6.47796
-6.47482
-6.47168
-6.46854
-6.46226
-6.45912
-6.45597
-6.44969
-6.44655
-6.44026
-6.43712
-6.43084
-6.42456
-6.41827
-6.41199
-6.40571
-6.40257
-6.39314
-6.38686
-6.38058
-6.37429
-6.36801
-6.36173
-6.35544
-6.34602
-6.33973
-6.33345
-6.32403
-6.31774
-6.31146
-6.30204
-6.29575
-6.28947
-6.28004
-6.27376
-6.26434
-6.25805
-6.25177
-6.24234
-6.23606
-6.22978
-6.22350
-6.21407
-6.20779
-6.20150
-6.19522
-6.18894
-6.18266
-6.17637
-6.17009
-6.16381
-6.15752
-6.15438
-6.14810
-6.14181
-6.13867
-6.13239
-6.12925
-6.12296
-6.11982
-6.11668
-6.11354
-6.11040
-6.10412
-6.10412
-6.10097
-6.09783
-6.09469
-6.09469
-6.09155
-6.09155
-6.08841
-6.08841
-6.08841
-6.08841
-6.08841
-6.08841
-6.08841
-6.08841
-6.08841
-6.09155
-6.09155
-6.09469
-6.09469
-6.09783
-6.10097
-6.10412
-6.10726
-6.11040
-6.11354
-6.11668
-6.11982
-6.12296
-6.12925
-6.13239
-6.13553
-6.14181
-6.14810
-6.15124
-6.15752
-6.16381
-6.16695
-6.17323
-6.17951
-6.18580
-6.19208
-6.19836
-6.20465
-6.21093
-6.21721
-6.22350
-6.22978
-6.23920
-6.24549
-6.25177
-6.25805
-6.26434
-6.27062
-6.28004
-6.28633
-6.29261
-6.29889
-6.30518
-6.31460
-6.32088
-6.32717
-6.33345
-6.33973
-6.34602
-6.35230
-6.35858
-6.36487
-6.37115
-6.37743
-6.38372
-6.39000
-6.39628
-6.39942
-6.40571
-6.41199
-6.41513
-6.42142
-6.42456
-6.43084
-6.43398
-6.43712
-6.44026
-6.44341
-6.44655
-6.45283
-6.45283
-6.45597
-6.45912
-6.46226
-6.46226
-6.46540
-6.46540
-6.46854
-6.46854
-6.46854
-6.46854
-6.46854
-6.46854
-6.46854
-6.46854
-6.46854
-6.46540
-6.46540
-6.46540
-6.46226
-6.45912
-6.45912
-6.45597
-6.45283
-6.44969
-6.44655
-6.44341
-6.44026
-6.43712
-6.43398
-6.42770
-6.42456
-6.42142
-6.41513
-6.41199
-6.40571
-6.40257
-6.39628
-6.39000
-6.38686
-6.38058
-6.37429
-6.36801
-6.36173
-6.35544
-6.34916
-6.34288
-6.33973
-6.33031
-6.32717
-6.31774
-6.31146
-6.30518
-6.29889
-6.29261
-6.28633
-6.28004
-6.27376
-6.26748
-6.26119
-6.25491
-6.24863
-6.24234
-6.23606
-6.22978
-6.22350
-6.21721
-6.21093
-6.20779
-6.20150
-6.19522
-6.18894
-6.18580
-6.17951
-6.17323
-6.17009
-6.16381
-6.16066
-6.15752
-6.15124
-6.14810
-6.14496
-6.14181
-6.13867
-6.13553
-6.13239
-6.12925
-6.12611
-6.12296
-6.12296
-6.11982
-6.11982
-6.11668
-6.11668
-6.11668
-6.11354
-6.11354
-6.11354
-6.11354
-6.11354
-6.11354
-6.11354
-6.11668
-6.11668
-6.11668
-6.11982
-6.12296
-6.12296
-6.12611
-6.12925
-6.12925
-6.13239
-6.13553
-6.13867
-6.14181
-6.14496
-6.15124
-6.15438
-6.15752
-6.16066
-6.16695
-6.17009
-6.17637
-6.17951
-6.18580
-6.18894
-6.19522
-6.20150
-6.20465
-6.21093
-6.21721
-6.22350
-6.22664
-6.23292
-6.23920
-6.24549
-6.25177
-6.25805
-6.26434
-6.26748
-6.27376
-6.28004
-6.28633
-6.29261
-6.29889
-6.30518
-6.31146
-6.31774
-6.32088
-6.32717
-6.33345
-6.33973
-6.34602
-6.34916
-6.35544
-6.36173
-6.36487
-6.37115
-6.37743
-6.38058
-6.38686
-6.39000
-6.39314
-6.39942
-6.40257
-6.40571
-6.40885
-6.41513
-6.41827
-6.42142
-6.42142
-6.42456
-6.42770
-6.43084
-6.43398
-6.43398
-6.43712
-6.43712
-6.44026
-6.44026
-6.44026
-6.44341
-6.44341
-6.44341
-6.44341
-6.44341
-6.44341
-6.44341
-6.44026
-6.44026
-6.44026
-6.43712
-6.43712
-6.43398
-6.43398
-6.43084
-6.42770
-6.42770
-6.42456
-6.42142
-6.41827
-6.41513
-6.41199
-6.40885
-6.40257
-6.39942
-6.39628
-6.39314
-6.38686
-6.38372
-6.38058
-6.37429
-6.37115
-6.36487
-6.36173
-6.35544
-6.34916
-6.34602
-6.33973
-6.33345
-6.33031
-6.32403
-6.31774
-6.31460
-6.30832
-6.30204
-6.29575
-6.28947
-6.28633
-6.28004
-6.27376
-6.26748
-6.26434
-6.25805
-6.25177
-6.24863
-6.24234
-6.23606
-6.23292
-6.22664
-6.22035
-6.21721
-6.21093
-6.20779
-6.20150
-6.19836
-6.19522
-6.18894
-6.18580
-6.18266
-6.17951
-6.17637
-6.17009
-6.16695
-6.16381
-6.16066
-6.16066
-6.15752
-6.15438
-6.15124
-6.15124
-6.14810
-6.14496
-6.14496
-6.14496
-6.14181
-6.14181
-6.14181
-6.14181
-6.13867
-6.13867
-6.13867
-6.13867
-6.14181
-6.14181
-6.14181
-6.14181
-6.14496
-6.14496
-6.14810
-6.14810
-6.15124
-6.15124
-6.15438
-6.15752
-6.16066
-6.16381
-6.16695
-6.16695
-6.17009
-6.17637
-6.17951
-6.18266
-6.18580
-6.18894
-6.19208
-6.19836
-6.20150
-6.20465
-6.21093
-6.21407
-6.22035
-6.22350
-6.22978
-6.23292
-6.23920
-6.24234
-6.24863
-6.25177
-6.25805
-6.26434
-6.26748
-6.27376
-6.27690
-6.28319
-6.28947
-6.29261
-6.29889
-6.30204
-6.30832
-6.31146
-6.31774
-6.32403
-6.32717
-6.33345
-6.33659
-6.33973
-6.34602
-6.34916
-6.35544
-6.35858
-6.36173
-6.36801
-6.37115
-6.37429
-6.37743
-6.38058
-6.38372
-6.38686
-6.39000
-6.39314
-6.39628
-6.39942
-6.40257
-6.40257
-6.40571
-6.40885
-6.40885
-6.41199
-6.41199
-6.41513
-6.41513
-6.41513
-6.41513
-6.41827
-6.41827
-6.41827
-6.41827
-6.41827
-6.41827
-6.41513
-6.41513
-6.41513
-6.41513
-6.41199
-6.41199
-6.40885
-6.40885
-6.40571
-6.40571
-6.40257
-6.39942
-6.39628
-6.39628
-6.39314
-6.39000
-6.38686
-6.38372
-6.38058
-6.37743
-6.37429
-6.37115
-6.36487
-6.36173
-6.35858
-6.35544
-6.34916
-6.34602
-6.34288
-6.33659
-6.33345
-6.33031
-6.32403
-6.32088
-6.31460
-6.31146
-6.30832
-6.30204
-6.29889
-6.29261
-6.28947
-6.28319
-6.28004
-6.27376
-6.27062
-6.26434
-6.26119
-6.25805
-6.25177
-6.24863
-6.24234
-6.23920
-6.23606
-6.23292
-6.22664
-6.22350
-6.22035
-6.21721
-6.21407
-6.20779
-6.20465
-6.20150
-6.19836
-6.19522
-6.19208
-6.18894
-6.18894
-6.18580
-6.18266
-6.17951
-6.17951
-6.17637
-6.17323
-6.17323
-6.17009
-6.17009
-6.17009
-6.16695
-6.16695
-6.16695
-6.16695
-6.16695
-6.16695
-6.16695
-6.16695
-6.16695
-6.16695
-6.16695
-6.16695
-6.17009
-6.17009
-6.17009
-6.17323
-6.17323
-6.17637
-6.17637
-6.17951
-6.17951
-6.18266
-6.18580
-6.18894
-6.18894
-6.19208
-6.19522
-6.19836
-6.20150
-6.20465
-6.20779
-6.21093
-6.21407
-6.21721
-6.22035
-6.22664
-6.22978
-6.23292
-6.23606
-6.23920
-6.24549
-6.24863
-6.25177
-6.25491
-6.26119
-6.26434
-6.26748
-6.27376
-6.27690
-6.28004
-6.28319
-6.28947
-6.29261
-6.29575
-6.30204
-6.30518
-6.30832
-6.31146
-6.31774
-6.32088
-6.32403
-6.32717
-6.33031
-6.33659
-6.33973
-6.34288
-6.34602
-6.34916
-6.35230
-6.35544
-6.35858
-6.36173
-6.36487
-6.36801
-6.36801
-6.37115
-6.37429
-6.37743
-6.37743
-6.38058
-6.38058
-6.38372
-6.38372
-6.38686
-6.38686
-6.38686
-6.39000
-6.39000
-6.39000
-6.39000
-6.39000
-6.39000
-6.39000
-6.39000
-6.39000
-6.39000
-6.39000
-6.39000
-6.39000
-6.38686
-6.38686
-6.38686
-6.38372
-6.38372
-6.38058
-6.38058
-6.37743
-6.37743
-6.37429
-6.37115
-6.37115
-6.36801
-6.36487
-6.36173
-6.35858
-6.35858
-6.35544
-6.35230
-6.34916
-6.34602
-6.34288
-6.33973
-6.33659
-6.33345
-6.33031
-6.32717
-6.32403
-6.31774
-6.31460
-6.31146
-6.30832
-6.30518
-6.30204
-6.29889
-6.29261
-6.28947
-6.28633
-6.28319
-6.28004
-6.27690
-6.27062
-6.26748
-6.26434
-6.26119
-6.25805
-6.25491
-6.25177
-6.24863
-6.24549
-6.24234
-6.23920
-6.23606
-6.23292
-6.22978
-6.22664
-6.22350
-6.22035
-6.21721
-6.21721
-6.21407
-6.21093
-6.20779
-6.20779
-6.20465
-6.20465
-6.20150
-6.20150
-6.19836
-6.19836
-6.19522
-6.19522
-6.19522
-6.19208
-6.19208
-6.19208
-6.19208
-6.19208
-6.19208
-6.19208
-6.19208
-6.19208
-6.19208
-6.19208
-6.19208
-6.19208
-6.19522
-6.19522
-6.19522
-6.19836
-6.19836
-6.19836
-6.20150
-6.20150
-6.20465
-6.20465
-6.20779
-6.21093
-6.21093
-6.21407
-6.21721
-6.21721
-6.22035
-6.22350
-6.22664
-6.22978
-6.22978
-6.23292
-6.23606
-6.23920
-6.24234
-6.24549
-6.24863
-6.25177
-6.25491
-6.25805
-6.26119
-6.26434
-6.26748
-6.27062
-6.27376
-6.27690
-6.28004
-6.28319
-6.28633
-6.28947
-6.29261
-6.29575
-6.29889
-6.30204
-6.30518
-6.30832
-6.31146
-6.31460
-6.31774
-6.32088
-6.32088
-6.32403
-6.32717
-6.33031
-6.33345
-6.33659
-6.33659
-6.33973
-6.34288
-6.34288
-6.34602
-6.34916
-6.34916
-6.35230
-6.35230
-6.35544
-6.35544
-6.35858
-6.35858
-6.36173
-6.36173
-6.36173
-6.36487
-6.36487
-6.36487
-6.36487
-6.36487
-6.36487
-6.36487
-6.36487
-6.36487
-6.36487
-6.36487
-6.36487
-6.36487
-6.36487
-6.36487
-6.36173
-6.36173
-6.36173
-6.35858
-6.35858
-6.35858
-6.35544
-6.35544
-6.35230
-6.35230
-6.34916
-6.34916
-6.34602
-6.34602
-6.34288
-6.33973
-6.33973
-6.33659
-6.33345
-6.33345
-6.33031
-6.32717
-6.32403
-6.32088
-6.32088
-6.31774
-6.31460
-6.31146
-6.30832
-6.30832
-6.30518
-6.30204
-6.29889
-6.29575
-6.29261
-6.28947
-6.28947
-6.28633
-6.28319
-6.28004
-6.27690
-6.27376
-6.27062
-6.27062
-6.26748
-6.26434
-6.26119
-6.25805
-6.25805
-6.25491
-6.25177
-6.24863
-6.24863
-6.24549
-6.24234
-6.24234
-6.23920
-6.23606
-6.23606
-6.23292
-6.23292
-6.22978
-6.22978
-6.22664
-6.22664
-6.22350
-6.22350
-6.22350
-6.22035
-6.22035
-6.22035
-6.22035
-6.21721
-6.21721
-6.21721
-6.21721
-6.21721
-6.21721
-6.21721
-6.21721
-6.21721
-6.21721
-6.21721
-6.21721
-6.21721
-6.21721
-6.22035
-6.22035
-6.22035
-6.22035
-6.22350
-6.22350
-6.22350
-6.22664
-6.22664
-6.22978
-6.22978
-6.23292
-6.23292
-6.23606
-6.23606
-6.23920
-6.23920
-6.24234
-6.24234
-6.24549
-6.24863
-6.24863
-6.25177
-6.25177
-6.25491
-6.25805
-6.25805
-6.26119
-6.26434
-6.26748
-6.26748
-6.27062
-6.27376
-6.27376
-6.27690
-6.28004
-6.28319
-6.28319
-6.28633
-6.28947
-6.28947
-6.29261
-6.29575
-6.29889
-6.29889
-6.30204
-6.30518
-6.30518
-6.30832
-6.31146
-6.31146
-6.31460
-6.31460
-6.31774
-6.31774
-6.32088
-6.32403
-6.32403
-6.32717
-6.32717
-6.32717
-6.33031
-6.33031
-6.33345
-6.33345
-6.33345
-6.33659
-6.33659
-6.33659
-6.33659
-6.33973
-6.33973
-6.33973
-6.33973
-6.33973
-6.33973
-6.33973
-6.33973
-6.33973
-6.33973
-6.33973
-6.33973
-6.33973
-6.33973
-6.33973
-6.33973
-6.33973
-6.33973
-6.33659
-6.33659
-6.33659
-6.33659
-6.33345
-6.33345
-6.33345
-6.33031
-6.33031
-6.33031
-6.32717
-6.32717
-6.32403
-6.32403
-6.32088
-6.32088
-6.31774
-6.31774
-6.31774
-6.31460
-6.31460
-6.31146
-6.30832
-6.30832
-6.30518
-6.30518
-6.30204
-6.30204
-6.29889
-6.29889
-6.29575
-6.29261
-6.29261
-6.28947
-6.28947
-6.28633
-6.28319
-6.28319
-6.28004
-6.28004
-6.27690
-6.27690
-6.27376
-6.27376
-6.27062
-6.27062
-6.26748
-6.26748
-6.26434
-6.26434
-6.26119
-6.26119
-6.25805
-6.25805
-6.25491
-6.25491
-6.25491
-6.25177
-6.25177
-6.25177
-6.24863
-6.24863
-6.24863
-6.24549
-6.24549
-6.24549
-6.24549
-6.24549
-6.24234
-6.24234
-6.24234
-6.24234
-6.24234
-6.24234
-6.24234
-6.24234
-6.24234
-6.24234
-6.24234
-6.24234
-6.24234
-6.24234
-6.24234
-6.24234
-6.24234
-6.24549
-6.24549
-6.24549
-6.24549
-6.24549
-6.24549
-6.24863
-6.24863
-6.24863
-6.25177
-6.25177
-6.25177
-6.25177
-6.25491
-6.25491
-6.25491
-6.25805
-6.25805
-6.25805
-6.26119
-6.26119
-6.26434
-6.26434
-6.26434
-6.26748
-6.26748
-6.27062
-6.27062
-6.27376
-6.27376
-6.27376
-6.27690
-6.27690
-6.28004
-6.28004
-6.28319
-6.28319
-6.28319
-6.28633
-6.28633
-6.28947
-6.28947
-6.28947
-6.29261
-6.29261
-6.29575
-6.29575
-6.29575
-6.29889
-6.29889
-6.30204
-6.30204
-6.30204
-6.30518
-6.30518
-6.30518
-6.30518
-6.30832
-6.30832
-6.30832
-6.30832
-6.31146
-6.31146
-6.31146
-6.31146
-6.31460
-6.31460
-6.31460
-6.31460
-6.31460
-6.31460
-6.31460
-6.31460
-6.31460
-6.31460
-6.31460
-6.31460
-6.31460
-6.31460
-6.31460
-6.31460
-6.31460
-6.31460
-6.31460
-6.31460
-6.31460
-6.31460
-6.31460
-6.31460
-6.31460
-6.31146
-6.31146
-6.31146
-6.31146
-6.31146
-6.30832
-6.30832
-6.30832
-6.30832
-6.30832
-6.30518
-6.30518
-6.30518
-6.30518
-6.30204
-6.30204
-6.30204
-6.30204
-6.29889
-6.29889
-6.29889
-6.29889
-6.29575
-6.29575
-6.29575
-6.29575
-6.29261
-6.29261
-6.29261
-6.29261
-6.28947
-6.28947
-6.28947
-6.28947
-6.28633
-6.28633
-6.28633
-6.28633
-6.28319
-6.28319
-6.28319
-6.28319
-6.28004
-6.28004
-6.28004
-6.28004
-6.28004
-6.27690
-6.27690
-6.27690
-6.27690
-6.27690
-6.27376
-6.27376
-6.27376
-6.27376
-6.27376
-6.27376
-6.27376
-6.27376
-6.27062
-6.27062
-6.27062
-6.27062
-6.27062
-6.27062
-6.27062
-6.27062
-6.27062
-6.27062
-6.27062
-6.27062
-6.27062
-6.27062
-6.27062
-6.27062
-6.27062
-6.27062
-6.27062
-6.27062
-6.27062
-6.27062
-6.27376
-6.27376
-6.27376
-6.27376
-6.27376
-6.27376
-6.27376
-6.27376
-6.27690
-6.27690
-6.27690
-6.27690
-6.27690
-6.27690
-6.27690
-6.27690
-6.28004
-6.28004
-6.28004
-6.28004
-6.28004
-6.28004
-6.28319
-6.28319
-6.28319
-6.28319
-6.28319
-6.28319
-6.28633
-6.28633
-6.28633
-6.28633
-6.28633
-6.28633
-6.28947
-6.28947
-6.28947
-6.28947
-6.28947
-6.28947
-6.28947
-6.29261
-6.29261
-6.29261
-6.29261
-6.29261
-6.29261
-6.29261
-6.29261
-6.29575
-6.29575
-6.29575
-6.29575
-6.29575
-6.29575
-6.29575
-6.29575
-6.29575
-6.29575
-6.29575
-6.29575
-6.29575
-6.29575
-6.29575
-6.29575
-6.29575
-6.29575
-6.29575
-6.29575
-6.29575
-6.29575
-6.29575
-6.29575
-6.29575
-6.29575
-6.29575
-6.29575
-6.29575
-6.29575
-6.29575
-6.29575
-6.29575
-6.29575
-6.29575
-6.29261
-6.29261
-6.29261
-6.29261
-6.29261
-6.29261
-6.29261
-6.29261
-6.29261
-6.29261
-6.29261
-6.29261
-6.29261
-6.29261
-6.29261
-6.29261
-6.29261
-6.29261
-6.29261
-6.29261
-6.29261
-6.29261
-6.29261
-6.29261
-6.29261
-6.29261
-6.29261
-6.29261
-6.29261
-6.29261
-6.29261
-6.29261
-6.29261
-6.29261
-6.29261
-6.29261
-6.29261
-6.29261
-6.29261
-6.29261
-6.29261
-6.29261
-6.29261
-6.29261
-6.29261
-6.29261
-6.29261
-6.29261
-6.29261
-6.29261
-6.29261
-6.29261
-6.29261
-6.29261
-6.29261
-6.29261
-6.29261
-6.29261
-6.29261
-6.29261
-6.29261
-6.29261
-6.29261
-6.29261
-6.29261
-6.29261
-6.29261
-6.29261
-6.29261
-6.29261
-6.29261
-6.29261
-6.29261
-6.29261
-6.29261
-6.28947
-6.28947
-6.28947
-6.28947
-6.28947
-6.28947
-6.28947
-6.28947
-6.28947
-6.28947
-6.28947
-6.28947
-6.28947
-6.28947
-6.28947
-6.28947
-6.28947
-6.28947
-6.28947
-6.28947
-6.28947
-6.28947
-6.28947
-6.28947
-6.28947
-6.28947
-6.28947
-6.28947
-6.28947
-6.28947
-6.28947
-6.28947
-6.28947
-6.28947
-6.28947
-6.28947
-6.28947
-6.28947
-6.28947
-6.28947
-6.28947
-6.28947
-6.28947
-6.28947
-6.28947
-6.28947
-6.28947
-6.28947
-6.28947
-6.28947
-6.28947
-6.28947
-6.28947
-6.28947
-6.28947
-6.28947
-6.28947
-6.28947
-6.28947
-6.28947
-6.28947
-6.28947
-6.28947
-6.28947
-6.28947
-6.28947
-6.28947
-6.28947
-6.28947
-6.28947
-6.28947
-6.28947
-6.28947
-6.28947
-6.28947
-6.28947
-6.28947
-6.28947
-6.28947
-6.28947
-6.28947
-6.28947
-6.28947
-6.28947
-6.28947
-6.28947
-6.28947
-6.28947
-6.28633
-6.28633
-6.28633
-6.28633
-6.28633
-6.28633
-6.28633
-6.28633
-6.28633
-6.28633
-6.28633
-6.28633
-6.28633
-6.28633
-6.28633
-6.28633
-6.28633
-6.28633
-6.28633
-6.28633
-6.28633
-6.28633
-6.28633
-6.28633
-6.28633
-6.28633
-6.28633
-6.28633
-6.28633
-6.28633
-6.28633
-6.28633
-6.28633
-6.28633
-6.28633
-6.28633
-6.28633
-6.28633
-6.28633
-6.28633
-6.28633
-6.28633
-6.28633
-6.28633
-6.28633
-6.28633
-6.28633
-6.28633
-6.28633
-6.28633
-6.28633
-6.28633
-6.28633
-6.28633
-6.28633
-6.28633
-6.28633
-6.28633
-6.28633
-6.28633
-6.28633
-6.28633
-6.28633
-6.28633
-6.28633
-6.28633
-6.28633
-6.28633
-6.28633
-6.28633
-6.28633
-6.28633
-6.28633
-6.28633
-6.28633
-6.28633
-6.28633
-6.28633
-6.28633
-6.28633
-6.28633
-6.28633
-6.28633
-6.28633
-6.28633
-6.28633
-6.28947
-6.28947
-6.28947
-6.28947
-6.28947
-6.28947
-6.28947
-6.28947
-6.28947
-6.28947
-6.28947
-6.28947
-6.28947
-6.28947
-6.28947
-6.28947
-6.28947
-6.28947
-6.28947
-6.28947
-6.28947
-6.28947
-6.28947
-6.28947
-6.28947
-6.28947
-6.28947
-6.28947
-6.28947
-6.28947
-6.28947
-6.28947
-6.28947
-6.28947
-6.28947
-6.28947
-6.28947
-6.28947
-6.28947
-6.28947
-6.28947
-6.28947
-6.28947
-6.28947
-6.28947
