-3.13531
-3.13531
-3.13531
-3.13531
-3.13531
-3.13531
-3.13531
-3.13531
-3.13531
-3.13531
-3.13531
-3.13845
-3.13845
-3.13845
-3.13845
-3.13845
-3.13845
-3.13845
-3.13845
-3.13845
-3.13845
-3.13845
-3.13845
-3.13845
-3.13845
-3.13845
-3.13845
-3.13845
-3.13845
-3.13845
-3.13845
-3.13845
-3.13845
-3.13845
-3.13845
-3.13845
-3.13845
-3.13845
-3.13845
-3.13845
-3.13845
-3.13845
-3.13845
-3.13845
-3.13845
-3.13845
-3.13845
-3.13845
-3.13845
-3.13845
-3.13845
-3.13845
-3.13845
-3.13845
-3.13845
-3.13845
-3.13845
-3.13845
-3.13845
-3.13845
-3.13845
-3.13845
-3.13845
-3.13845
-3.13845
-3.13845
-3.13845
-3.13845
-3.13845
-3.13845
-3.13845
-3.13845
-3.13845
-3.13845
-3.13845
-3.13845
-3.13845
-3.13845
-3.13845
-3.13845
-3.13845
-3.13845
-3.13845
-3.13845
-3.13845
-3.13845
-3.13845
-3.13845
-3.13845
-3.13845
-3.13845
-3.13845
-3.13845
-3.13845
-3.13845
-3.13845
-3.13845
-3.13845
-3.13845
-3.13845
-3.13845
-3.13845
-3.13845
-3.13845
-3.13845
-3.13531
-3.13531
-3.13531
-3.13531
-3.13531
-3.13531
-3.13531
-3.13531
-3.13531
-3.13531
-3.13531
-3.13531
-3.13531
-3.13531
-3.13531
-3.13531
-3.13531
-3.13531
-3.13531
-3.13531
-3.13531
-3.13531
-3.13531
-3.13531
-3.13531
-3.13531
-3.13531
-3.13531
-3.13531
-3.13531
-3.13531
-3.13531
-3.13531
-3.13531
-3.13531
-3.13531
-3.13531
-3.13531
-3.13531
-3.13531
-3.13531
-3.13531
-3.13531
-3.13531
-3.13217
-3.13217
-3.13217
-3.13217
-3.13217
-3.13217
-3.13217
-3.13217
-3.13217
-3.13217
-3.13217
-3.13217
-3.13217
-3.13217
-3.13217
-3.13217
-3.13217
-3.13217
-3.13531
-3.13531
-3.13531
-3.13531
-3.13531
-3.13531
-3.13531
-3.13531
-3.13531
-3.13845
-3.13845
-3.13845
-3.13845
-3.13845
-3.13845
-3.13845
-3.13845
-3.13845
-3.13845
-3.13845
-3.13845
-3.13845
-3.13845
-3.13845
-3.13845
-3.13845
-3.13845
-3.13845
-3.13845
-3.13845
-3.13845
-3.13845
-3.13845
-3.13845
-3.13845
-3.13845
-3.13845
-3.14159
-3.14159
-3.14159
-3.14159
-3.14159
-3.13845
-3.13845
-3.13845
-3.13845
-3.13845
-3.13845
-3.13845
-3.13845
-3.13845
-3.13845
-3.13845
-3.13531
-3.13531
-3.13531
-3.13531
-3.13531
-3.13531
-3.13531
-3.13531
-3.13531
-3.13531
-3.13531
-3.13531
-3.13531
-3.13531
-3.13531
-3.13531
-3.13531
-3.13531
-3.13531
-3.13531
-3.13531
-3.13531
-3.13531
-3.13531
-3.13531
-3.13531
-3.13531
-3.13531
-3.13531
-3.13531
-3.13531
-3.13531
-3.13531
-3.13531
-3.13531
-3.13531
-3.13531
-3.13531
-3.13531
-3.13531
-3.13531
-3.13531
-3.13531
-3.13531
-3.13531
-3.13531
-3.13531
-3.13531
-3.13531
-3.13531
-3.13531
-3.13531
-3.13531
-3.13531
-3.13531
-3.13531
-3.13531
-3.13531
-3.13531
-3.13531
-3.13531
-3.13217
-3.13217
-3.13217
-3.13217
-3.13217
-3.13217
-3.13217
-3.13217
-3.13217
-3.13217
-3.13217
-3.13217
-3.13217
-3.13217
-3.13217
-3.13217
-3.13217
-3.13217
-3.13217
-3.13217
-3.13217
-3.13217
-3.13217
-3.13217
-3.12903
-3.12903
-3.12903
-3.12903
-3.12903
-3.12903
-3.12903
-3.12903
-3.12903
-3.12903
-3.12903
-3.12903
-3.12903
-3.12903
-3.12903
-3.12903
-3.12903
-3.12903
-3.12903
-3.12903
-3.12903
-3.12903
-3.12903
-3.12903
-3.12903
-3.12903
-3.12903
-3.12903
-3.12903
-3.12903
-3.12903
-3.12903
-3.12903
-3.12903
-3.13217
-3.13217
-3.13217
-3.13217
-3.13217
-3.13217
-3.13217
-3.13217
0.37633,0.00942,0.00002,0.00198,-31.18,-3.13217
0.37590,0.00943,-0.13157,-0.40327,-36.65,-3.13217
0.37487,0.00664,-0.28600,-0.87729,-39.55,-3.13531
0.37310,0.00218,-0.45224,-1.38780,-40.82,-3.13531
0.37068,-0.00522,-0.62312,-1.91419,-37.77,-3.14159
0.36769,-0.01401,-0.78011,-2.39876,-32.18,-3.14473
0.36425,-0.02442,-0.91210,-2.80820,-22.90,-3.15102
0.36052,-0.03649,-1.00328,-3.09489,-8.88,-3.16044
0.35684,-0.04830,-1.03334,-3.19507,7.64,-3.16673
0.35352,-0.05988,-0.99169,-3.07798,27.83,-3.17615
0.35080,-0.06937,-0.86336,-2.69498,48.90,-3.18243
0.34899,-0.07606,-0.64540,-2.03757,70.25,-3.18872
0.34825,-0.07944,-0.33803,-1.10852,91.76,-3.19500
0.34873,-0.07828,0.05757,0.08759,111.85,-3.19814
0.35050,-0.07264,0.53342,1.53336,128.39,-3.20128
0.35357,-0.06253,1.07178,3.18221,138.55,-3.20442
0.35788,-0.04733,1.64324,4.94941,138.59,-3.20442
0.36323,-0.02705,2.20276,6.70091,125.33,-3.20128
0.36933,-0.00410,2.69315,8.25695,101.05,-3.20128
0.37577,0.02155,3.06766,9.47535,63.08,-3.19500
0.38204,0.04661,3.26969,10.17215,16.55,-3.19186
0.38758,0.06957,3.26562,10.23786,-36.33,-3.18558
0.39094,0.08797,3.02820,9.59157,-94.64,-3.17929
0.39271,0.09873,2.54472,8.16441,-145.71,-3.17615
0.39208,0.10026,1.84975,6.06214,-186.06,-3.17301
0.38883,0.09198,0.99406,3.44113,-212.98,-3.16987
0.38304,0.07431,0.04048,0.53340,-235.07,-3.16673
0.37519,0.04808,-0.98570,-2.62260,-241.54,-3.16673
0.36558,0.01358,-2.01448,-5.81683,-228.41,-3.16987
0.35476,-0.02612,-2.96031,-8.78395,-197.19,-3.16987
0.34338,-0.06935,-3.74613,-11.28816,-146.54,-3.17301
0.33218,-0.11383,-4.29155,-13.08005,-76.81,-3.17929
0.32193,-0.15584,-4.52078,-13.91453,6.60,-3.18558
0.31391,-0.19151,-4.38018,-13.62016,99.07,-3.19186
0.30880,-0.21719,-3.84060,-12.08961,191.78,-3.19814
0.30723,-0.22967,-2.91125,-9.33610,275.81,-3.20442
0.30971,-0.22683,-1.63916,-5.49764,344.51,-3.21071
0.31632,-0.20709,-0.10096,-0.83444,399.08,-3.21385
0.32676,-0.17196,1.63363,4.46533,431.73,-3.21699
0.34054,-0.12225,3.46055,10.08515,438.19,-3.21699
0.35691,-0.06106,5.26207,15.66539,417.30,-3.21699
0.37494,0.00788,6.92049,20.84981,367.85,-3.21699
0.39355,0.08160,8.31738,25.29123,284.25,-3.21385
0.41167,0.15576,9.31573,28.56646,167.41,-3.21071
0.42796,0.22534,9.78458,30.24809,25.52,-3.20757
0.44113,0.28527,9.63002,29.99604,-124.37,-3.20128
0.44896,0.32772,8.82669,27.67566,-257.44,-3.19814
0.45144,0.34775,7.46558,23.49841,-343.86,-3.19186
0.44797,0.34111,5.75673,18.08612,-362.51,-3.18872
0.43914,0.30859,3.99879,12.37590,-307.15,-3.18872
0.42649,0.25817,2.51184,7.43847,-199.52,-3.18558
0.41245,0.19919,1.52051,4.04254,-64.35,-3.18558
0.39942,0.14149,1.13707,2.58782,74.64,-3.18872
0.39009,0.09415,1.37107,3.10970,204.11,-3.19186
0.38525,0.06416,2.16360,5.43508,309.28,-3.19186
0.38568,0.05349,3.39700,9.17154,391.17,-3.19500
0.39137,0.06377,4.95764,13.96686,443.45,-3.19500
0.40181,0.09464,6.70767,19.40530,458.53,-3.19186
0.41617,0.14225,8.48267,24.98629,433.75,-3.19186
0.43322,0.20374,10.11080,30.20434,359.46,-3.18872
0.45142,0.27399,11.38449,34.41958,234.53,-3.18558
0.46910,0.34714,12.09569,36.95325,68.95,-3.17929
0.48428,0.41418,12.08217,37.22217,-108.46,-3.17301
0.49395,0.46479,11.30032,35.01156,-263.79,-3.16673
0.49784,0.48977,9.86529,30.56707,-349.03,-3.16044
0.49505,0.48315,8.08493,24.78641,-329.86,-3.15730
0.48638,0.44761,6.40911,19.08290,-199.77,-3.15416
0.47423,0.39277,5.31167,15.02843,16.14,-3.15416
0.46292,0.33467,5.15849,13.91093,266.83,-3.15416
0.45567,0.29097,6.08250,16.30018,489.07,-3.15102
0.45563,0.27460,7.94671,21.83389,643.59,-3.14788
0.46411,0.29260,10.44444,29.59473,701.10,-3.14473
0.48067,0.34625,13.14907,38.30278,633.37,-3.14159
0.50327,0.43133,15.52184,46.30960,421.45,-3.13845
0.52835,0.53871,16.94988,51.63099,79.12,-3.12903
0.55125,0.64730,16.89309,52.38087,-325.14,-3.12274
0.56575,0.72909,15.11068,47.60244,-703.65,-3.11646
0.56843,0.75592,11.75401,37.50126,-938.81,-3.11018
0.55704,0.70996,7.45125,23.64190,-879.80,-3.10704
0.53267,0.59624,3.44444,9.65370,-431.77,-3.10389
0.50107,0.44638,1.37865,1.12548,283.40,-3.10075
0.47374,0.30828,2.39328,2.44958,1005.13,-3.10075
0.46154,0.22753,6.48470,14.05968,1549.94,-3.09761
0.47170,0.23049,12.84830,33.38689,1875.38,-3.09447
0.50525,0.32752,20.50917,57.58937,1884.43,-3.09133
0.55900,0.52364,28.11030,83.05527,1360.12,-3.08504
0.62543,0.81460,33.33440,102.23952,323.72,-3.07876
0.68983,1.14832,33.96257,106.79553,-831.47,-3.07248
0.73280,1.40358,29.68008,96.73586,-2211.03,-3.06305
0.74273,1.46999,19.91380,73.61051,-4574.81,-3.05677
0.70983,1.29739,0.98805,27.46656,-8367.32,-3.05049
0.61254,0.85318,-33.35904,-61.76607,-13585.84,-3.04734
0.40934,0.24158,-89.29291,-195.59166,-25402.45,-3.04420
0.05345,-0.32054,-203.06014,-578.10014,-20527.72,-3.04106
-0.65693,-3.02603,-271.34998,-581.41502,-75673.69,-3.04106
-1.33537,-1.77331,-576.08595,166.67154,-547433.75,-3.04106
-2.98655,-0.08529,-2808.47959,979.94152,-2723885.00,-3.04420
-13.16034,1.52491,-102199.76405,-290252.45095,-10662873.00,-3.04734
-9.72600,7.09680,74990811.76821,28448764.04507,ovf,-3.05049
-1.01825,27.65914,ovf,ovf,ovf,-3.05677
-279339970.75000,-2561568270.25000,ovf,ovf,inf,-3.05991
nan,nan,nan,nan,nan,-3.06305
nan,nan,nan,nan,nan,-3.06619
nan,nan,nan,nan,nan,-3.06934
nan,nan,nan,nan,nan,-3.07248
nan,nan,nan,nan,nan,-3.07248
nan,nan,nan,nan,nan,-3.07562
nan,nan,nan,nan,nan,-3.07562
nan,nan,nan,nan,nan,-3.07876
nan,nan,nan,nan,nan,-3.07876
nan,nan,nan,nan,nan,-3.07876
nan,nan,nan,nan,nan,-3.07876
nan,nan,nan,nan,nan,-3.08190
nan,nan,nan,nan,nan,-3.08190
nan,nan,nan,nan,nan,-3.08190
nan,nan,nan,nan,nan,-3.08504
nan,nan,nan,nan,nan,-3.08504
nan,nan,nan,nan,nan,-3.08504
nan,nan,nan,nan,nan,-3.08504
nan,nan,nan,nan,nan,-3.08504
nan,nan,nan,nan,nan,-3.08504
nan,nan,nan,nan,nan,-3.08819
nan,nan,nan,nan,nan,-3.08819
nan,nan,nan,nan,nan,-3.08819
nan,nan,nan,nan,nan,-3.08819
nan,nan,nan,nan,nan,-3.08819
nan,nan,nan,nan,nan,-3.08819
nan,nan,nan,nan,nan,-3.08819
nan,nan,nan,nan,nan,-3.08819
nan,nan,nan,nan,nan,-3.08819
nan,nan,nan,nan,nan,-3.08504
nan,nan,nan,nan,nan,-3.08504
nan,nan,nan,nan,nan,-3.08504
nan,nan,nan,nan,nan,-3.08504
nan,nan,nan,nan,nan,-3.08504
nan,nan,nan,nan,nan,-3.08504
nan,nan,nan,nan,nan,-3.08190
nan,nan,nan,nan,nan,-3.08190
nan,nan,nan,nan,nan,-3.08190
nan,nan,nan,nan,nan,-3.07876
nan,nan,nan,nan,nan,-3.07876
nan,nan,nan,nan,nan,-3.07876
nan,nan,nan,nan,nan,-3.07562
nan,nan,nan,nan,nan,-3.07562
nan,nan,nan,nan,nan,-3.07562
nan,nan,nan,nan,nan,-3.07248
nan,nan,nan,nan,nan,-3.07248
nan,nan,nan,nan,nan,-3.06934
nan,nan,nan,nan,nan,-3.06934
nan,nan,nan,nan,nan,-3.06619
nan,nan,nan,nan,nan,-3.06305
nan,nan,nan,nan,nan,-3.06305
nan,nan,nan,nan,nan,-3.05991
nan,nan,nan,nan,nan,-3.05677
nan,nan,nan,nan,nan,-3.05363
nan,nan,nan,nan,nan,-3.05049
nan,nan,nan,nan,nan,-3.04734
nan,nan,nan,nan,nan,-3.04734
nan,nan,nan,nan,nan,-3.04420
nan,nan,nan,nan,nan,-3.04106
nan,nan,nan,nan,nan,-3.03792
nan,nan,nan,nan,nan,-3.03478
nan,nan,nan,nan,nan,-3.02850
nan,nan,nan,nan,nan,-3.02535
nan,nan,nan,nan,nan,-3.02221
nan,nan,nan,nan,nan,-3.01907
nan,nan,nan,nan,nan,-3.01279
nan,nan,nan,nan,nan,-3.00965
nan,nan,nan,nan,nan,-3.00336
nan,nan,nan,nan,nan,-3.00022
nan,nan,nan,nan,nan,-2.99394
nan,nan,nan,nan,nan,-2.99080
nan,nan,nan,nan,nan,-2.98451
nan,nan,nan,nan,nan,-2.97823
nan,nan,nan,nan,nan,-2.97195
nan,nan,nan,nan,nan,-2.96566
nan,nan,nan,nan,nan,-2.95938
nan,nan,nan,nan,nan,-2.95310
nan,nan,nan,nan,nan,-2.94681
nan,nan,nan,nan,nan,-2.94053
nan,nan,nan,nan,nan,-2.93425
nan,nan,nan,nan,nan,-2.92482
nan,nan,nan,nan,nan,-2.91854
nan,nan,nan,nan,nan,-2.90911
nan,nan,nan,nan,nan,-2.89969
nan,nan,nan,nan,nan,-2.89027
nan,nan,nan,nan,nan,-2.88084
nan,nan,nan,nan,nan,-2.87142
nan,nan,nan,nan,nan,-2.86199
nan,nan,nan,nan,nan,-2.85257
nan,nan,nan,nan,nan,-2.84000
nan,nan,nan,nan,nan,-2.83058
nan,nan,nan,nan,nan,-2.81801
nan,nan,nan,nan,nan,-2.80544
nan,nan,nan,nan,nan,-2.79288
nan,nan,nan,nan,nan,-2.78031
nan,nan,nan,nan,nan,-2.76774
nan,nan,nan,nan,nan,-2.75518
nan,nan,nan,nan,nan,-2.73947
nan,nan,nan,nan,nan,-2.72376
nan,nan,nan,nan,nan,-2.70805
nan,nan,nan,nan,nan,-2.69235
nan,nan,nan,nan,nan,-2.67664
nan,nan,nan,nan,nan,-2.65779
nan,nan,nan,nan,nan,-2.64208
nan,nan,nan,nan,nan,-2.62323
nan,nan,nan,nan,nan,-2.60438
nan,nan,nan,nan,nan,-2.58239
nan,nan,nan,nan,nan,-2.56354
nan,nan,nan,nan, 
Safety angle exceeded - Turning off controllers
-2.54155
-2.51956
-2.49757
-2.47243
-2.44730
-2.42217
-2.39704
-2.36876
-2.34049
-2.31221
-2.28394
-2.25252
-2.22111
-2.18655
-2.15513
-2.11743
-2.08288
-2.04518
-2.00748
-1.96664
-1.92580
-1.88496
-1.84097
-1.79699
-1.74987
-1.70274
-1.65562
-1.60535
-1.55509
-1.50168
-1.44827
-1.39487
-1.33832
-1.28177
-1.22208
-1.16239
-1.09956
-1.03987
-0.97389
-0.91106
-0.84509
-0.77911
-0.71000
-0.64088
-0.57177
-0.49951
-0.43040
-0.35814
-0.28589
-0.21363
-0.14137
-0.06597
0.00628
0.07854
0.15080
0.22305
0.29531
0.36757
0.43982
0.50894
0.57805
0.64717
0.71628
0.78226
0.84823
0.91106
0.97704
1.03673
1.09956
1.15925
1.21580
1.27234
1.32889
1.38544
1.43571
1.48911
1.53938
1.58650
1.63677
1.68075
1.72788
1.77186
1.81270
1.85354
1.89438
1.93208
1.96978
2.00434
2.04204
2.07345
2.10801
2.13942
2.16770
2.19597
2.22425
2.25252
2.27765
2.30279
2.32478
2.34677
2.36876
2.39075
2.40960
2.42845
2.44730
2.46301
2.47872
2.49442
2.50699
2.52270
2.53527
2.54469
2.55726
2.56668
2.57611
2.58553
2.59181
2.60124
2.60752
2.61381
2.61695
2.62323
2.62637
2.62951
2.63265
2.63265
2.63580
2.63580
2.63580
2.63580
2.63265
2.63265
2.62951
2.62637
2.62009
2.61695
2.61066
2.60438
2.59810
2.59181
2.58553
2.57611
2.56668
2.55726
2.54469
2.53527
2.52270
2.51013
2.49442
2.48186
2.46615
2.45044
2.43159
2.41588
2.39704
2.37819
2.35619
2.33420
2.31221
2.29022
2.26509
2.23996
2.21482
2.18655
2.15827
2.13000
2.09858
2.06717
2.03575
2.00119
1.96664
1.92894
1.89124
1.85354
1.81270
1.77186
1.72788
1.68389
1.63991
1.59279
1.54566
1.49540
1.44513
1.39487
1.34146
1.28805
1.23150
1.17496
1.11527
1.05558
0.99589
0.93619
0.87336
0.80739
0.74456
0.67858
0.61261
0.54350
0.47752
0.40841
0.33929
0.27018
0.19792
0.12881
0.05969
-0.01257
-0.08168
-0.15080
-0.21991
-0.28903
-0.35814
-0.42411
-0.49323
-0.55920
-0.62518
-0.68801
-0.75084
-0.81367
-0.87650
-0.93619
-0.99274
-1.05243
-1.10898
-1.16239
-1.21894
-1.26920
-1.32261
-1.37288
-1.42000
-1.46712
-1.51425
-1.55823
-1.60221
-1.64305
-1.68389
-1.72473
-1.76243
-1.79699
-1.83469
-1.86925
-1.90066
-1.93208
-1.96350
-1.99177
-2.02004
-2.04832
-2.07345
-2.09544
-2.12058
-2.14257
-2.16142
-2.18341
-2.20226
-2.21796
-2.23367
-2.24938
-2.26509
-2.27765
-2.28708
-2.29965
-2.30907
-2.31850
-2.32478
-2.33420
-2.33735
-2.34363
-2.34677
-2.34991
-2.34991
-2.34991
-2.34991
-2.34991
-2.34677
-2.34363
-2.34049
-2.33420
-2.32792
-2.32164
-2.31221
-2.30279
-2.29336
-2.28394
-2.27137
-2.25566
-2.24310
-2.22739
-2.21168
-2.19283
-2.17398
-2.15513
-2.13628
-2.11429
-2.09230
-2.06717
-2.04204
-2.01690
-1.98863
-1.96035
-1.92894
-1.89752
-1.86611
-1.83155
-1.79699
-1.76243
-1.72473
-1.68704
-1.64619
-1.60535
-1.56137
-1.51739
-1.47341
-1.42628
-1.37916
-1.33204
-1.28177
-1.22836
-1.17496
-1.12155
-1.06814
-1.01159
-0.95190
-0.89535
-0.83566
-0.77283
-0.71314
-0.65031
-0.58748
-0.52150
-0.45867
-0.39270
-0.32673
-0.26075
-0.19164
-0.12566
-0.05969
0.00628
0.07540
0.14137
0.20735
0.27332
0.33929
0.40212
0.46810
0.53093
0.59376
0.65031
0.70686
0.75712
0.79796
0.84509
0.88593
0.92363
0.95819
0.99589
1.03044
1.06500
1.09642
1.13097
1.15925
1.18752
1.21580
1.24407
1.26920
1.29434
1.31633
1.33832
1.36031
1.37602
1.39487
1.41058
1.42628
1.43885
1.45142
1.46398
1.47341
1.48283
1.48911
1.49226
1.49854
1.50168
1.50482
1.50482
1.50482
1.50168
1.49854
1.49226
1.48597
1.47969
1.47027
1.46084
1.44827
1.43571
1.42314
1.40743
1.39173
1.37288
1.35403
1.33518
1.31319
1.28805
1.26292
1.23779
1.21265
1.18438
1.15611
1.12469
1.09327
1.06186
1.02730
0.99274
0.95504
0.91735
0.87965
0.84195
0.80111
0.76027
0.71942
0.67544
0.63146
0.58748
0.54035
0.49637
0.44925
0.40212
0.35500
0.30788
0.25761
0.21049
0.16022
0.11310
0.06283
0.01571
-0.03456
-0.08482
-0.13195
-0.18221
-0.22934
-0.27646
-0.32358
-0.37071
-0.41783
-0.46181
-0.50894
-0.55292
-0.59690
-0.63774
-0.68173
-0.72257
-0.76341
-0.80111
-0.83881
-0.87650
-0.91420
-0.94876
-0.98332
-1.01473
-1.04615
-1.07757
-1.10584
-1.13726
-1.16239
-1.18752
-1.21265
-1.23779
-1.25978
-1.27863
-1.29748
-1.31633
-1.33518
-1.35088
-1.36345
-1.37602
-1.38858
-1.39801
-1.40743
-1.41686
-1.42314
-1.42942
-1.43257
-1.43571
-1.43571
-1.43571
-1.43571
-1.43257
-1.42942
-1.42314
-1.41686
-1.41058
-1.40115
-1.39173
-1.37916
-1.36659
-1.35088
-1.33518
-1.31947
-1.30062
-1.28177
-1.26292
-1.24093
-1.21580
-1.19381
-1.16867
-1.14040
-1.11212
-1.08385
-1.05558
-1.02416
-0.98960
-0.95819
-0.92363
-0.88593
-0.85137
-0.81367
-0.77283
-0.73513
-0.69429
-0.65345
-0.61261
-0.56863
-0.52465
-0.48066
-0.43668
-0.39270
-0.34558
-0.29845
-0.25447
-0.20735
-0.16022
-0.11310
-0.06597
-0.01885
0.02827
0.07540
0.12252
0.16965
0.21677
0.26389
0.31102
0.35500
0.39898
0.43040
0.45867
0.49323
0.52150
0.54350
0.56235
0.57805
0.59376
0.60319
0.61261
0.62204
0.62518
0.63146
0.63460
0.63460
0.63460
0.63460
0.63460
0.63146
0.62832
0.62518
0.62204
0.61889
0.61261
0.60633
0.59690
0.59062
0.58434
0.57491
0.56549
0.55292
0.54350
0.53093
0.51836
0.50580
0.49009
0.47752
0.46181
0.44611
0.43040
0.41469
0.39584
0.38013
0.36128
0.34243
0.32358
0.30473
0.28589
0.26704
0.24504
0.22305
0.20420
0.18221
0.16022
0.14137
0.11938
0.09739
0.07540
0.05341
0.03142
0.00942
-0.01257
-0.03456
-0.05655
-0.07854
-0.10053
-0.12252
-0.14451
-0.16650
-0.18535
-0.20735
-0.22619
-0.24819
-0.26704
-0.28589
-0.30473
-0.32358
-0.34243
-0.36128
-0.37699
-0.39270
-0.41155
-0.42726
-0.43982
-0.45553
-0.46810
-0.48381
-0.49637
-0.50894
-0.51836
-0.53093
-0.54035
-0.54978
-0.55920
-0.56549
-0.57491
-0.58119
-0.58748
-0.59062
-0.59690
-0.60004
-0.60319
-0.60633
-0.60633
-0.60947
-0.60947
-0.60947
-0.60633
-0.60319
-0.60004
-0.59690
-0.59376
-0.58748
-0.58119
-0.57491
-0.56863
-0.55920
-0.55292
-0.54350
-0.53093
-0.52150
-0.50894
-0.49951
-0.48695
-0.47124
-0.45867
-0.44296
-0.43040
-0.41469
-0.39898
-0.38013
-0.36442
-0.34558
-0.32987
-0.31102
-0.29217
-0.27332
-0.25447
-0.23248
-0.21363
-0.19478
-0.17279
-0.15080
-0.13195
-0.10996
-0.08796
-0.06911
-0.04712
-0.02513
-0.00314
0.01885
0.04084
0.05969
0.08168
0.10367
0.12252
0.14451
0.16336
0.18535
0.20420
0.22619
0.24504
0.26389
0.28274
0.30159
0.32044
0.33615
0.35500
0.37071
0.38642
0.40212
0.41783
0.43354
0.44611
0.45867
0.47124
0.48381
0.49637
0.50580
0.51836
0.52779
0.53721
0.54350
0.55292
0.55920
0.56549
0.56863
0.57491
0.57805
0.58119
0.58434
0.58434
0.58748
0.58748
0.58748
0.58434
0.58434
0.58119
0.57805
0.57177
0.56863
0.56235
0.55606
0.54978
0.54350
0.53407
0.52465
0.51522
0.50580
0.49323
0.48381
0.47124
0.45867
0.44611
0.43040
0.41783
0.40212
0.38642
0.37071
0.35500
0.33615
0.32044
0.30159
0.28589
0.26704
0.24819
0.22934
0.20735
0.18850
0.16965
0.15080
0.12881
0.10996
0.08796
0.06597
0.04712
0.02513
0.00628
-0.01571
-0.03770
-0.05655
-0.07854
-0.09739
-0.11938
-0.13823
-0.16022
-0.17907
-0.19792
-0.21677
-0.23562
-0.25447
-0.27332
-0.29217
-0.31102
-0.32673
-0.34243
-0.36128
-0.37699
-0.39270
-0.40527
-0.42097
-0.43354
-0.44611
-0.45867
-0.47124
-0.48381
-0.49323
-0.50580
-0.51522
-0.52150
-0.53093
-0.53721
-0.54664
-0.55292
-0.55606
-0.56235
-0.56549
-0.56863
-0.57177
-0.57491
-0.57491
-0.57491
-0.57491
-0.57491
-0.57177
-0.57177
-0.56863
-0.56235
-0.55920
-0.55292
-0.54978
-0.54035
-0.53407
-0.52779
-0.51836
-0.50894
-0.49951
-0.49009
-0.47752
-0.46496
-0.45239
-0.43982
-0.42726
-0.41469
-0.39898
-0.38327
-0.37071
-0.35186
-0.33615
-0.32044
-0.30473
-0.28589
-0.26704
-0.24819
-0.23248
-0.21363
-0.19478
-0.17279
-0.15394
-0.13509
-0.11624
-0.09425
-0.07540
-0.05341
-0.03456
-0.01257
0.00628
0.02513
0.04712
0.06597
0.08796
0.10681
0.12566
0.14451
0.16650
0.18535
0.20420
0.22305
0.23876
0.25761
0.27646
0.29217
0.31102
0.32673
0.34243
0.35814
0.37385
0.38642
0.40212
0.41469
0.42726
0.43982
0.45239
0.46181
0.47438
0.48381
0.49323
0.50265
0.50894
0.51836
0.52465
0.53093
0.53721
0.54035
0.54664
0.54978
0.55292
0.55292
0.55606
0.55606
0.55606
0.55606
0.55292
0.54978
0.54664
0.54350
0.54035
0.53407
0.53093
0.52465
0.51522
0.50894
0.49951
0.49009
0.48066
0.47124
0.46181
0.44925
0.43982
0.42726
0.41155
0.39898
0.38642
0.37071
0.35500
0.33929
0.32358
0.30788
0.29217
0.27646
0.25761
0.23876
0.22305
0.20420
0.18535
0.16650
0.14765
0.12881
0.10996
0.08796
0.06911
0.05027
0.03142
0.00942
-0.00942
-0.02827
-0.04712
-0.06911
-0.08796
-0.10681
-0.12566
-0.14451
-0.16336
-0.18221
-0.20106
-0.21991
-0.23562
-0.25447
-0.27018
-0.28903
-0.30473
-0.32044
-0.33615
-0.35186
-0.36757
-0.38013
-0.39584
-0.40841
-0.42097
-0.43354
-0.44296
-0.45553
-0.46496
-0.47438
-0.48381
-0.49323
-0.49951
-0.50894
-0.51522
-0.52150
-0.52779
-0.53093
-0.53407
-0.53721
-0.54035
-0.54350
-0.54350
-0.54350
-0.54350
-0.54350
-0.54350
-0.54035
-0.53721
-0.53407
-0.53093
-0.52465
-0.52150
-0.51208
-0.50580
-0.49951
-0.49009
-0.48381
-0.47438
-0.46181
-0.45239
-0.43982
-0.43040
-0.41783
-0.40527
-0.38956
-0.37699
-0.36442
-0.34872
-0.33301
-0.31730
-0.30159
-0.28589
-0.27018
-0.25133
-0.23562
-0.21677
-0.20106
-0.18221
-0.16336
-0.14451
-0.12881
-0.10996
-0.09111
-0.07226
-0.05341
-0.03456
-0.01571
0.00314
0.02199
0.04084
0.05969
0.07540
0.09425
0.11310
0.12881
0.14765
0.16336
0.17907
0.19478
0.21049
0.22619
0.24190
0.25447
0.27018
0.28274
0.29531
0.30788
0.32044
0.32987
0.34243
0.35186
0.36128
0.37071
0.37699
0.38327
0.39270
0.39584
0.40212
0.40841
0.41155
0.41469
0.41783
0.41783
0.42097
0.42097
0.42097
0.42097
0.41783
0.41783
0.41469
0.41155
0.40527
0.40212
0.39584
0.39270
0.38327
0.37699
0.37071
0.36128
0.35500
0.34558
0.33615
0.32673
0.31416
0.30473
0.29217
0.27960
0.27018
0.25761
0.24190
0.22934
0.21677
0.20106
0.18850
0.17279
0.15708
0.14451
0.12881
0.11310
0.09739
0.08168
0.06597
0.05341
0.03770
0.02199
0.00628
-0.00942
-0.02513
-0.04084
-0.05341
-0.06911
-0.08482
-0.09739
-0.11310
-0.12566
-0.14137
-0.15394
-0.16650
-0.18221
-0.19478
-0.20420
-0.21677
-0.22934
-0.23876
-0.25133
-0.26075
-0.27018
-0.27960
-0.28903
-0.29531
-0.30473
-0.31102
-0.31730
-0.32358
-0.32987
-0.33301
-0.33929
-0.34243
-0.34558
-0.34872
-0.34872
-0.35186
-0.35186
-0.35186
-0.35186
-0.35186
-0.35186
-0.34872
-0.34558
-0.34243
-0.33929
-0.33615
-0.32987
-0.32673
-0.32044
-0.31416
-0.30788
-0.30159
-0.29531
-0.28589
-0.27960
-0.27018
-0.26389
-0.25447
-0.24504
-0.23562
-0.22619
-0.21677
-0.20735
-0.19792
-0.18535
-0.17593
-0.16650
-0.15394
-0.14451
-0.13509
-0.12252
-0.11310
-0.10053
-0.09111
-0.07854
-0.06911
-0.05969
-0.04712
-0.03770
-0.02827
-0.01571
-0.00628
0.00314
0.01257
0.02199
0.03142
0.04084
0.04712
0.05655
0.06597
0.07226
0.08168
0.08796
0.09425
0.10367
0.10996
0.11624
0.11938
0.12566
0.13195
0.13509
0.14137
0.14451
0.14765
0.15080
0.15394
0.15708
0.16022
0.16336
0.16336
0.16336
0.16650
0.16650
0.16650
0.16650
0.16650
0.16650
0.16650
0.16336
0.16336
0.16022
0.16022
0.15708
0.15394
0.15080
0.15080
0.14765
0.14451
0.14137
0.13509
0.13195
0.12881
0.12566
0.11938
0.11624
0.10996
0.10681
0.10053
0.09739
0.09111
0.08796
0.08168
0.07540
0.07226
0.06597
0.05969
0.05655
0.05027
0.04398
0.04084
0.03456
0.02827
0.02513
0.01885
0.01571
0.00942
0.00628
0.00314
-0.00314
-0.00628
-0.00942
-0.01571
-0.01885
-0.02199
-0.02513
-0.02827
-0.03142
-0.03456
-0.03770
-0.04084
-0.04398
-0.04712
-0.04712
-0.05027
-0.05341
-0.05341
-0.05655
-0.05655
-0.05655
-0.05969
-0.05969
-0.05969
-0.06283
-0.06283
-0.06283
-0.06283
-0.06283
-0.06283
-0.06283
-0.06283
-0.06283
-0.06283
-0.06283
-0.06283
-0.06283
-0.06283
-0.06283
-0.06283
-0.05969
-0.05969
-0.05969
-0.05969
-0.05655
-0.05655
-0.05655
-0.05655
-0.05341
-0.05341
-0.05341
-0.05027
-0.05027
-0.05027
-0.04712
-0.04712
-0.04712
-0.04398
-0.04398
-0.04398
-0.04084
-0.04084
-0.03770
-0.03770
-0.03770
-0.03456
-0.03456
-0.03456
-0.03142
-0.03142
-0.03142
-0.02827
-0.02827
-0.02827
-0.02513
-0.02513
-0.02513
-0.02513
-0.02199
-0.02199
-0.02199
-0.02199
-0.02199
-0.02199
-0.01885
-0.01885
-0.01885
-0.01885
-0.01885
-0.01885
-0.01885
-0.01885
-0.01885
-0.01885
-0.01885
-0.01885
-0.01885
-0.01885
-0.01885
-0.01885
-0.01885
-0.01885
-0.01885
-0.01885
-0.01885
-0.01885
-0.01885
-0.01885
-0.01885
-0.02199
-0.02199
-0.02199
-0.02199
-0.02199
-0.02199
-0.02513
-0.02513
-0.02513
-0.02513
-0.02513
-0.02513
-0.02513
-0.02827
-0.02827
-0.02827
-0.02827
-0.02827
-0.02827
-0.02827
-0.02827
-0.02827
-0.03142
-0.03142
-0.03142
-0.03142
-0.03142
-0.03142
-0.03142
-0.03142
-0.03142
-0.03142
-0.03142
-0.03142
-0.03456
-0.03456
-0.03770
-0.03770
-0.04084
-0.04084
-0.04398
-0.04398
-0.04398
-0.04712
-0.04712
-0.04712
-0.04712
-0.04712
-0.04712
-0.04712
-0.05027
-0.05027
-0.05027
-0.05027
-0.05027
-0.05027
-0.05027
-0.05027
-0.04712
-0.04712
-0.04712
-0.04712
-0.04712
-0.04712
-0.04712
-0.04398
-0.04398
-0.04398
-0.04398
-0.04398
-0.04084
-0.04084
-0.04084
-0.03770
-0.03770
-0.03770
-0.03770
-0.03456
-0.03456
-0.03456
-0.03142
-0.03142
-0.03142
-0.02827
-0.02827
-0.02827
-0.02513
-0.02513
-0.02199
-0.02199
-0.01885
-0.01885
-0.01571
-0.01571
-0.01571
-0.01257
-0.00942
-0.00942
-0.00628
-0.00628
-0.00314
-0.00314
0.00000
0.00000
0.00314
0.00314
0.00628
0.00628
0.00942
0.01257
0.01257
0.01571
0.01571
0.01885
0.01885
0.02199
0.02199
0.02513
0.02513
0.02827
0.02827
0.03142
0.03142
0.03142
0.03456
0.03456
0.03456
0.03770
0.03770
0.03770
0.04084
0.04084
0.04084
0.04084
0.04084
0.04084
0.04398
0.04398
0.04398
0.04398
0.04398
0.04398
0.04398
0.04398
0.04398
0.04398
0.04398
0.04398
0.04398
0.04084
0.04084
0.04084
0.04084
0.04084
0.04084
0.03770
0.03770
0.03770
0.03770
0.03456
0.03456
0.03456
0.03142
0.03142
0.03142
0.02827
0.02827
0.02513
0.02513
0.02513
0.02199
0.02199
0.01885
0.01885
0.01885
0.01571
0.01571
0.01257
0.01257
0.00942
0.00942
0.00628
0.00628
0.00628
0.00314
0.00314
0.00000
0.00000
-0.00314
-0.00314
-0.00628
-0.00628
-0.00942
-0.00942
-0.01257
-0.01257
-0.01257
-0.01571
-0.01571
-0.01885
-0.01885
-0.01885
-0.02199
-0.02199
-0.02199
-0.02513
-0.02513
-0.02513
-0.02827
-0.02827
-0.02827
-0.03142
-0.03142
-0.03142
-0.03142
-0.03142
-0.03456
-0.03456
-0.03456
-0.03456
-0.03456
-0.03456
-0.03456
-0.03456
-0.03456
-0.03456
-0.03770
-0.03770
-0.03770
-0.03770
-0.03770
-0.03770
-0.03456
-0.03456
-0.03456
-0.03456
-0.03456
-0.03456
-0.03456
-0.03456
-0.03456
-0.03142
-0.03142
-0.03142
-0.03142
-0.03142
-0.02827
-0.02827
-0.02827
-0.02827
-0.02513
-0.02513
-0.02513
-0.02513
-0.02199
-0.02199
-0.02199
-0.02199
-0.01885
-0.01885
-0.01885
-0.01571
-0.01571
-0.01571
-0.01257
-0.01257
-0.01257
-0.00942
-0.00942
-0.00942
-0.00628
-0.00628
-0.00628
-0.00628
-0.00314
-0.00314
-0.00314
0.00000
0.00000
0.00000
0.00314
0.00314
0.00314
0.00628
0.00628
0.00628
0.00628
0.00942
0.00942
0.00942
0.00942
0.01257
0.01257
0.01257
0.01257
0.01257
0.01571
0.01571
0.01571
0.01571
0.01571
0.01571
0.01571
0.01885
0.01885
0.01885
0.01885
0.01885
0.01885
0.01885
0.01885
0.01885
0.01885
0.01885
0.01885
0.01885
0.01885
0.01885
0.01885
0.01885
0.01885
0.01885
0.01885
0.01885
0.01885
0.01571
0.01571
0.01571
0.01571
0.01571
0.01571
0.01571
0.01571
0.01571
0.01257
0.01257
0.01257
0.01257
0.01257
0.01257
0.00942
0.00942
0.00942
0.00942
0.00942
0.00942
0.00628
0.00628
0.00628
0.00628
0.00628
0.00628
0.00314
0.00314
0.00314
0.00314
0.00314
0.00000
0.00000
0.00000
0.00000
0.00000
0.00000
-0.00314
-0.00314
-0.00314
-0.00314
-0.00314
-0.00314
-0.00628
-0.00628
-0.00628
-0.00628
-0.00628
-0.00628
-0.00628
-0.00942
-0.00942
-0.00942
-0.00942
-0.00942
-0.00942
-0.00942
-0.00942
-0.00942
-0.00942
-0.00942
-0.00942
-0.01257
-0.01257
-0.01257
-0.01257
-0.01257
-0.01257
-0.01257
-0.01257
-0.01257
-0.01257
-0.01257
-0.01257
-0.01257
-0.01257
-0.01257
-0.01257
-0.01257
-0.01257
-0.01257
-0.01257
-0.01257
-0.01257
-0.01257
-0.00942
-0.00942
-0.00942
-0.00942
-0.00942
-0.00942
-0.00942
-0.00942
-0.00942
-0.00942
-0.00942
-0.00942
-0.00942
-0.00942
-0.00942
-0.00942
-0.00942
-0.00942
-0.00942
-0.00942
-0.00942
-0.00942
-0.00942
-0.00628
-0.00628
-0.00628
-0.00628
-0.00628
-0.00628
-0.00628
-0.00628
-0.00628
-0.00628
-0.00628
-0.00628
-0.00628
-0.00628
-0.00628
-0.00628
-0.00628
-0.00628
-0.00628
-0.00628
-0.00628
-0.00628
-0.00628
-0.00628
-0.00628
-0.00628
-0.00628
-0.00628
-0.00628
-0.00628
-0.00628
-0.00628
-0.00628
-0.00628
-0.00628
-0.00628
-0.00314
-0.00314
-0.00314
-0.00314
-0.00314
-0.00314
-0.00314
-0.00314
-0.00314
-0.00314
-0.00314
-0.00314
-0.00314
-0.00314
-0.00314
-0.00314
-0.00314
-0.00314
-0.00314
-0.00314
-0.00314
-0.00314
-0.00314
-0.00314
-0.00314
-0.00314
-0.00314
-0.00314
-0.00314
-0.00314
-0.00314
-0.00314
-0.00314
-0.00314
-0.00314
-0.00314
-0.00314
-0.00314
-0.00314
-0.00314
-0.00314
-0.00314
-0.00314
-0.00314
-0.00314
-0.00314
-0.00314
-0.00628
-0.00628
-0.00628
-0.00628
-0.00628
-0.00628
-0.00628
-0.00628
-0.00628
-0.00628
-0.00628
-0.00942
-0.00942
-0.00942
-0.00942
-0.01257
-0.01257
-0.01257
-0.01571
-0.01571
-0.01571
-0.01885
-0.01885
-0.01885
-0.02199
-0.02199
-0.02199
-0.02199
-0.02513
-0.02513
-0.02513
-0.02513
-0.02827
-0.02827
-0.02827
-0.02827
-0.02827
-0.02827
-0.02827
-0.03142
-0.03142
-0.03142
-0.03142
-0.03142
-0.03142
-0.03142
-0.03142
-0.03142
-0.02827
-0.02827
-0.02827
-0.02827
-0.02827
-0.02827
-0.02827
-0.02827
-0.02827
-0.02827
-0.02827
-0.02513
-0.02513
-0.02513
-0.02513
-0.02513
-0.02513
-0.02513
-0.02199
-0.02199
-0.02199
-0.02199
-0.02199
-0.01885
-0.01885
-0.01885
-0.01885
-0.01571
-0.01571
-0.01571
-0.01571
-0.01257
-0.01257
-0.01257
-0.01257
-0.01257
-0.00942
-0.00942
-0.00942
-0.00942
-0.00942
-0.00628
-0.00628
-0.00628
-0.00628
-0.00628
-0.00628
-0.00314
-0.00314
-0.00314
-0.00314
-0.00314
-0.00314
-0.00314
-0.00314
-0.00314
0.00000
0.00000
0.00000
0.00000
0.00000
0.00000
0.00000
0.00000
0.00000
0.00000
0.00000
0.00000
0.00000
0.00000
0.00000
0.00000
-0.00314
-0.00314
-0.00314
-0.00314
-0.00314
-0.00314
-0.00314
-0.00314
-0.00314
-0.00628
-0.00628
-0.00628
-0.00628
-0.00628
-0.00628
-0.00942
-0.00942
-0.00942
-0.00942
-0.00942
-0.00942
-0.01257
-0.01257
-0.01257
-0.01257
-0.01257
-0.01571
-0.01571
-0.01571
-0.01571
-0.01885
-0.01885
-0.01885
-0.01885
-0.01885
-0.02199
-0.02199
-0.02199
-0.02199
-0.02513
-0.02513
-0.02513
-0.02513
-0.02513
-0.02827
-0.02827
-0.02827
-0.02827
-0.03142
-0.03142
-0.03142
-0.03142
-0.03142
-0.03456
-0.03456
-0.03456
-0.03456
-0.03456
-0.03456
-0.03770
-0.03770
-0.03770
-0.03770
-0.03770
-0.03770
-0.03770
-0.03770
-0.03770
-0.03770
-0.04084
-0.04084
-0.04084
-0.04084
-0.04084
-0.04084
-0.04084
-0.04084
-0.04084
-0.04084
-0.03770
-0.03770
-0.03770
-0.03770
-0.03770
-0.03770
-0.03770
-0.03770
-0.03770
-0.03770
-0.03770
-0.03770
-0.03456
-0.03456
-0.03456
-0.03456
-0.03456
-0.03456
-0.03456
-0.03456
-0.03142
-0.03142
-0.03142
-0.03142
-0.03142
-0.03142
-0.03142
-0.03142
-0.02827
-0.02827
-0.02827
-0.02827
-0.02827
-0.02827
-0.02827
-0.02827
-0.02513
-0.02513
-0.02513
-0.02513
-0.02513
-0.02513
-0.02513
-0.02513
-0.02513
-0.02513
-0.02513
-0.02513
-0.02513
-0.02513
-0.02513
-0.02513
-0.02513
-0.02513
-0.02513
-0.02513
-0.02513
-0.02513
-0.02513
-0.02513
-0.02513
-0.02513
-0.02827
-0.02827
-0.02827
-0.02827
-0.02827
-0.03142
-0.03142
-0.03142
-0.03456
-0.03456
-0.03456
-0.03770
-0.03770
-0.03770
-0.04084
-0.04084
-0.04084
-0.04398
-0.04398
-0.04398
-0.04712
-0.04712
-0.05027
-0.05027
-0.05027
-0.05341
-0.05341
-0.05341
-0.05655
-0.05655
-0.05969
-0.05969
-0.05969
-0.06283
-0.06283
-0.06283
-0.06597
-0.06597
-0.06597
-0.06597
-0.06911
-0.06911
-0.06911
-0.07226
-0.07226
-0.07226
-0.07226
-0.07226
-0.07226
-0.07226
-0.07226
-0.07540
-0.07540
-0.07540
-0.07540
-0.07226
-0.07226
-0.07226
-0.07226
-0.07226
-0.07226
-0.07226
-0.06911
-0.06911
-0.06911
-0.06911
-0.06597
-0.06597
-0.06597
-0.06283
-0.06283
-0.06283
-0.05969
-0.05969
-0.05655
-0.05655
-0.05655
-0.05341
-0.05341
-0.05027
-0.05027
-0.04712
-0.04712
-0.04398
-0.04398
-0.04084
-0.04084
-0.03770
-0.03770
-0.03456
-0.03456
-0.03142
-0.03142
-0.02827
-0.02827
-0.02513
-0.02513
-0.02199
-0.02199
-0.01885
-0.01885
-0.01571
-0.01571
-0.01257
-0.01257
-0.00942
-0.00942
-0.00942
-0.00628
-0.00628
-0.00628
-0.00314
-0.00314
-0.00314
-0.00314
0.00000
0.00000
0.00000
0.00000
0.00000
0.00000
0.00000
0.00314
0.00314
0.00314
0.00314
0.00314
0.00314
0.00314
0.00314
0.00000
0.00000
0.00000
0.00000
0.00000
0.00000
0.00000
-0.00314
-0.00314
-0.00314
-0.00314
-0.00314
-0.00628
-0.00628
-0.00628
-0.00628
-0.00942
-0.00942
-0.00942
-0.01257
-0.01257
-0.01257
-0.01571
-0.01571
-0.01571
-0.01885
-0.01885
-0.01885
-0.02199
-0.02199
-0.02199
-0.02513
-0.02513
-0.02827
-0.02827
-0.02827
-0.03142
-0.03142
-0.03456
-0.03456
-0.03456
-0.03770
-0.03770
-0.04084
-0.04084
-0.04084
-0.04398
-0.04398
-0.04398
-0.04398
-0.04712
-0.04712
-0.04712
-0.04712
-0.05027
-0.05027
-0.05027
-0.05027
-0.05027
-0.05341
-0.05341
-0.05341
-0.05341
-0.05341
-0.05341
-0.05341
-0.05341
-0.05341
-0.05341
-0.05341
-0.05341
-0.05341
-0.05341
-0.05341
-0.05027
-0.05027
-0.05027
-0.05027
-0.05027
-0.05027
-0.04712
-0.04712
-0.04712
-0.04712
-0.04712
-0.04398
-0.04398
-0.04398
-0.04398
-0.04084
-0.04084
-0.04084
-0.03770
-0.03770
-0.03770
-0.03456
-0.03456
-0.03456
-0.03142
-0.03142
-0.02827
-0.02827
-0.02827
-0.02513
-0.02513
-0.02199
-0.02199
-0.02199
-0.01885
-0.01885
-0.01885
-0.01571
-0.01571
-0.01257
-0.01257
-0.00942
-0.00942
-0.00942
-0.00628
-0.00628
-0.00314
-0.00314
0.00000
0.00000
0.00314
0.00314
0.00314
0.00628
0.00628
0.00942
0.00942
0.01257
0.01257
0.01571
0.01571
0.01885
0.01885
0.01885
0.02199
0.02199
0.02513
0.02513
0.02513
0.02827
0.02827
0.02827
0.03142
0.03142
0.03142
0.03456
0.03456
0.03456
0.03456
0.03770
0.03770
0.03770
0.03770
0.03770
0.04084
0.04084
0.04084
0.04084
0.04084
0.04084
0.04084
0.04084
0.04084
0.04084
0.04084
0.04084
0.04084
0.04084
0.04084
0.04084
0.03770
0.03770
0.03770
0.03770
0.03770
0.03456
0.03456
0.03456
0.03456
0.03142
0.03142
0.03142
0.02827
0.02827
0.02827
0.02513
0.02513
0.02513
0.02199
0.02199
0.01885
0.01885
0.01885
0.01571
0.01571
0.01257
0.01257
0.00942
0.00942
0.00628
0.00628
0.00628
0.00314
0.00314
0.00000
0.00000
-0.00314
-0.00314
-0.00628
-0.00628
-0.00628
-0.00942
-0.00942
-0.01257
-0.01257
-0.01257
-0.01571
-0.01571
-0.01885
-0.01885
-0.01885
-0.02199
-0.02199
-0.02199
-0.02513
-0.02513
-0.02513
-0.02827
-0.02827
-0.02827
-0.02827
-0.03142
-0.03142
-0.03142
-0.03142
-0.03142
-0.03142
-0.03456
-0.03456
-0.03456
-0.03456
-0.03456
-0.03456
-0.03456
-0.03456
-0.03456
-0.03456
-0.03456
-0.03456
-0.03456
-0.03456
-0.03456
-0.03456
-0.03456
-0.03456
-0.03456
-0.03456
-0.03142
-0.03142
-0.03142
-0.03142
-0.03142
-0.03142
-0.02827
-0.02827
-0.02827
-0.02827
-0.02827
-0.02513
-0.02513
-0.02513
-0.02513
-0.02199
-0.02199
-0.02199
-0.02199
-0.01885
-0.01885
-0.01885
-0.01571
-0.01571
-0.01571
-0.01257
-0.01257
-0.01257
-0.01257
-0.00942
-0.00942
-0.00942
-0.00628
-0.00628
-0.00628
-0.00314
-0.00314
-0.00314
-0.00314
0.00000
0.00000
0.00000
0.00314
0.00314
0.00314
0.00314
0.00628
0.00628
0.00628
0.00628
0.00942
0.00942
0.00942
0.00942
0.01257
0.01257
0.01257
0.01257
0.01257
0.01257
0.01571
0.01571
0.01571
0.01571
0.01571
0.01571
0.01571
0.01571
0.01571
0.01571
0.01571
0.01571
0.01885
0.01885
0.01885
0.01885
0.01885
0.01885
0.01885
0.01571
0.01571
0.01571
0.01571
0.01571
0.01571
0.01571
0.01571
0.01571
0.01571
0.01571
0.01571
0.01571
0.01257
0.01257
0.01257
0.01257
0.01257
0.01257
0.01257
0.01257
0.00942
0.00942
0.00942
0.00942
0.00942
0.00942
0.00628
0.00628
0.00628
0.00628
0.00628
0.00628
0.00314
0.00314
0.00314
0.00314
0.00314
0.00314
0.00314
0.00000
0.00000
0.00000
0.00000
0.00000
0.00000
-0.00314
-0.00314
-0.00314
-0.00314
-0.00314
-0.00314
-0.00314
-0.00628
-0.00628
-0.00628
-0.00628
-0.00628
-0.00628
-0.00628
-0.00628
-0.00942
-0.00942
-0.00942
-0.00942
-0.00942
-0.00942
-0.00942
-0.00942
-0.00942
-0.00942
-0.00942
-0.00942
-0.00942
-0.00942
-0.00942
-0.00942
-0.00942
-0.00942
-0.00942
-0.00942
-0.00942
-0.00942
-0.00942
-0.00942
-0.00942
-0.00942
-0.00942
-0.00942
-0.00942
-0.00942
-0.00942
-0.00942
-0.00942
-0.00942
-0.00942
-0.00942
-0.00942
-0.00942
-0.00942
-0.00942
-0.00942
-0.00942
-0.00942
