-3.11332
-3.11332
-3.11332
-3.11332
-3.11332
-3.11332
-3.11332
-3.11332
-3.11332
-3.11332
-3.11332
-3.11332
-3.11332
-3.11332
-3.11332
-3.11332
-3.11332
-3.11332
-3.11332
-3.11332
-3.11332
-3.11332
-3.11332
-3.11332
-3.11332
-3.11332
-3.11332
-3.11332
-3.11332
-3.11332
-3.11332
-3.11332
-3.11332
-3.11332
-3.11332
-3.11332
-3.11332
-3.11332
-3.11332
-3.11332
-3.11332
-3.11332
-3.11332
-3.11332
-3.11332
-3.11332
-3.11332
-3.11332
-3.11332
-3.11332
-3.11332
-3.11332
-3.11332
-3.11332
-3.11332
-3.11332
-3.11332
-3.11332
-3.11332
-3.11332
-3.11332
-3.11018
-3.11018
-3.11018
-3.11018
-3.11018
-3.11018
-3.11018
-3.11018
-3.11018
-3.11018
-3.11018
-3.11018
-3.11018
-3.11018
-3.11018
-3.11018
-3.11018
-3.11018
-3.11018
-3.11018
-3.11018
-3.11018
-3.11018
-3.11018
-3.11018
-3.11018
-3.11018
-3.11018
-3.11018
-3.11018
-3.11018
-3.11018
-3.11332
-3.11332
-3.11332
-3.11332
-3.11332
-3.11332
-3.11332
-3.11646
-3.11646
-3.11646
-3.11646
-3.11646
-3.11646
-3.11646
-3.11646
-3.11646
-3.11646
-3.11646
-3.11646
-3.11646
-3.11646
-3.11646
-3.11646
-3.11646
-3.11332
-3.11332
-3.11332
-3.11332
-3.11332
-3.11332
-3.11332
-3.11332
-3.11332
-3.11332
-3.11332
-3.11332
-3.11332
-3.11332
-3.11332
-3.11332
-3.11332
-3.11332
-3.11332
-3.11332
-3.11332
-3.11332
-3.11332
-3.11332
-3.11018
-3.11018
-3.11018
-3.11018
-3.11018
-3.11018
-3.11018
-3.11018
-3.11018
-3.11018
-3.11018
-3.11018
-3.11018
-3.11018
-3.11018
-3.11018
-3.11018
-3.11018
-3.11018
-3.11018
-3.11018
-3.11018
-3.11018
-3.11018
-3.11018
-3.11018
-3.11018
-3.11018
-3.11018
-3.11018
-3.11018
-3.11018
-3.11018
-3.11018
-3.11018
-3.11018
-3.11018
-3.11018
-3.11018
-3.11018
-3.11018
-3.11018
-3.11018
-3.11018
-3.11018
-3.11018
-3.11018
-3.11018
-3.11018
-3.11332
-3.11332
-3.11332
-3.11332
-3.11332
-3.11332
-3.11332
-3.11332
-3.11332
-3.11332
-3.11332
-3.11332
-3.11332
-3.11332
-3.11332
-3.11332
-3.11332
-3.11332
-3.11332
-3.11332
-3.11332
-3.11332
-3.11332
-3.11332
-3.11332
-3.11332
-3.11332
-3.11332
-3.11332
-3.11332
-3.11332
-3.11332
-3.11332
-3.11332
-3.11332
-3.11332
-3.11332
-3.11332
-3.11332
-3.11332
-3.11332
-3.11332
-3.11332
-3.11332
-3.11332
-3.11332
-3.11332
-3.11332
-3.11332
-3.11332
-3.11332
-3.11332
-3.11332
-3.11332
-3.11332
-3.11332
-3.11332
-3.11332
-3.11332
-3.11332
-3.11332
-3.11332
-3.11332
-3.11332
-3.11332
-3.11332
-3.11332
-3.11332
-3.11332
-3.11332
-3.11332
-3.11332
-3.11332
-3.11332
-3.11332
-3.11332
-3.11332
-3.11332
-3.11332
-3.11332
-3.11332
-3.11332
-3.11332
-3.11332
-3.11332
-3.11018
-3.11018
-3.11018
-3.11018
-3.11018
-3.11018
-3.11018
-3.11018
-3.11018
-3.11018
-3.11018
-3.11018
-3.11018
-3.11018
-3.11018
-3.11018
-3.11018
-3.11018
-3.11018
-3.11018
-3.11018
-3.11018
-3.11018
-3.10704
-3.10704
-3.10704
-3.10704
-3.10704
-3.10704
-3.10704
-3.10704
-3.10704
-3.10704
-3.10704
-3.10389
-3.10389
-3.10389
-3.10389
-3.10704
-3.10704
-3.10704
-3.10704
-3.10704
-3.10704
-3.10704
-3.10704
-3.10704
-3.10704
-3.10704
-3.10704
-3.10704
-3.10704
-3.10704
-3.10704
-3.10704
-3.10704
-3.10704
-3.10704
-3.10704
-3.10704
-3.10704
-3.10704
-3.10704
-3.10704
-3.10704
-3.10704
-3.10704
-3.10704
-3.10704
-3.11018
-3.11018
-3.11018
-3.11018
-3.11018
-3.11018
-3.11018
-3.11018
-3.11018
-3.11332
-3.11332
-3.11332
-3.11332
-3.11332
-3.11332
-3.11332
-3.11332
-3.11332
-3.11332
-3.11332
-3.11332
-3.11332
-3.11332
-3.11332
-3.11332
-3.11332
-3.11332
-3.11332
-3.11646
-3.11646
-3.11646
-3.11646
-3.11646
-3.11646
-3.11646
-3.11646
-3.11646
-3.11646
-3.11646
-3.11960
-3.11960
-3.11960
-3.11960
-3.11960
-3.11960
-3.11960
-3.11960
-3.11960
-3.11960
-3.11960
-3.11960
-3.11646
-3.11646
-3.11646
-3.11646
-3.11646
-3.11646
-3.11646
-3.11646
-3.11646
-3.11646
-3.11646
-3.11646
-3.11646
-3.11646
-3.11646
-3.11646
-3.11646
-3.11646
-3.11646
-3.11646
-3.11646
-3.11646
-3.11646
-3.11646
-3.11332
-3.11332
-3.11332
-3.11332
-3.11332
-3.11332
-3.11332
-3.11332
-3.11332
-3.11332
-3.11332
-3.11332
-3.11332
-3.11332
-3.11332
-3.11332
-3.11332
-3.11332
-3.11332
-3.11332
-3.11332
-3.11332
-3.11332
-3.11332
-3.11332
-3.11332
-3.11332
-3.11332
-3.11332
-3.11332
-3.11332
-3.11332
-3.11332
-3.11332
-3.11332
-3.11332
-3.11332
-3.11332
-3.11332
-3.11332
-3.11332
-3.11332
0.39630,0.02827,0.00007,0.00593,-128.53,-3.11332
0.39587,0.02831,-0.54224,-1.66502,-121.82,-3.11332
0.39302,0.01909,-1.05490,-3.24162,-94.17,-3.11646
0.38858,0.00370,-1.44877,-4.45283,-52.36,-3.11960
0.38348,-0.01419,-1.66327,-5.11216,-6.77,-3.12274
0.37889,-0.03106,-1.68171,-5.16869,35.05,-3.12589
0.37563,-0.04507,-1.51998,-4.67287,71.29,-3.13217
0.37392,-0.05349,-1.20277,-3.69782,91.15,-3.13531
0.37404,-0.05557,-0.80068,-2.46147,94.62,-3.13845
0.37581,-0.05097,-0.38495,-1.18503,81.78,-3.13845
0.37884,-0.04146,-0.02620,-0.09545,64.42,-3.13845
0.38250,-0.02944,0.25545,0.75628,42.07,-3.13845
0.38640,-0.01584,0.43831,1.30793,13.79,-3.13531
0.39015,-0.00252,0.49771,1.48654,-16.77,-3.13217
0.39266,0.00883,0.42281,1.26427,-51.75,-3.12903
0.39418,0.01684,0.19874,0.58602,-78.65,-3.12589
0.39429,0.01935,-0.13806,-0.44042,-89.17,-3.12589
0.39285,0.01622,-0.51601,-1.59717,-82.94,-3.12589
0.39008,0.00837,-0.86250,-2.66738,-59.28,-3.12589
0.38648,-0.00335,-1.10244,-3.42338,-17.90,-3.12903
0.38260,-0.01632,-1.16169,-3.63322,30.59,-3.13217
0.37981,-0.02755,-1.00950,-3.20462,82.41,-3.13531
0.37837,-0.03441,-0.63713,-2.09738,120.52,-3.13845
0.37883,-0.03397,-0.10710,-0.50135,135.66,-3.13845
0.38129,-0.02688,0.47940,1.28114,126.51,-3.14159
0.38542,-0.01233,1.01567,2.93184,83.60,-3.13845
0.39052,0.00609,1.35740,4.00807,18.23,-3.13845
0.39550,0.02539,1.41109,4.21877,-60.11,-3.13531
0.39854,0.04204,1.12260,3.40014,-147.80,-3.12903
0.39937,0.05092,0.46362,1.43737,-209.08,-3.12589
0.39712,0.04875,-0.44582,-1.31106,-230.50,-3.12274
0.39180,0.03402,-1.42883,-4.31622,-199.17,-3.12274
0.38406,0.00909,-2.25750,-6.88418,-119.35,-3.12274
0.37539,-0.02191,-2.72514,-8.37948,-1.99,-3.12589
0.36771,-0.05208,-2.67649,-8.31104,125.48,-3.12903
0.36298,-0.07324,-2.07735,-6.55050,226.58,-3.12903
0.36228,-0.08073,-1.05268,-3.46320,278.61,-3.13217
0.36602,-0.07120,0.17675,0.24890,288.10,-3.13217
0.37353,-0.04691,1.42209,4.04983,234.67,-3.13217
0.38362,-0.01061,2.40969,7.11403,116.44,-3.12903
0.39433,0.03083,2.86528,8.59304,-43.46,-3.12589
0.40264,0.06929,2.61679,7.95171,-222.94,-3.11960
0.40684,0.09371,1.60012,4.94498,-357.35,-3.11960
0.40508,0.09761,0.02437,0.22516,-439.71,-3.11646
0.39733,0.07800,-1.87114,-5.53053,-424.97,-3.11646
0.38426,0.03655,-3.66240,-11.04180,-306.67,-3.11646
0.36828,-0.02024,-4.90427,-14.95802,-92.12,-3.11960
0.35251,-0.08040,-5.19553,-16.01890,166.90,-3.12274
0.34130,-0.12942,-4.36051,-13.64233,407.82,-3.12589
0.33735,-0.15383,-2.50268,-8.08417,554.98,-3.12903
0.34226,-0.14423,-0.04730,-0.65210,585.76,-3.12903
0.35533,-0.10180,2.49038,7.11775,477.46,-3.12903
0.37400,-0.03475,4.50492,13.36662,254.50,-3.12903
0.39410,0.04310,5.51088,16.59236,-38.94,-3.12589
0.41030,0.11438,5.22139,15.88339,-340.71,-3.12274
0.41903,0.16158,3.63250,11.16289,-561.12,-3.12274
0.41763,0.17244,1.12225,3.56440,-653.16,-3.12274
0.40605,0.14373,-1.73367,-5.15524,-603.66,-3.12274
0.38657,0.08131,-4.31498,-13.09408,-428.22,-3.12589
0.36314,-0.00045,-6.08260,-18.58245,-176.40,-3.12903
0.34042,-0.08417,-6.72221,-20.62385,85.68,-3.13217
0.32332,-0.15352,-6.20631,-19.10929,304.26,-3.13531
0.31426,-0.19618,-4.74740,-14.65371,422.92,-3.13845
0.31432,-0.20586,-2.79422,-8.62778,422.88,-3.14159
0.32222,-0.18380,-0.87153,-2.64258,307.59,-3.14159
0.33502,-0.14002,0.52035,1.70232,145.49,-3.14159
0.34880,-0.08947,1.18326,3.80705,-29.25,-3.14159
0.35940,-0.04365,1.06702,3.52523,-197.56,-3.13845
0.36546,-0.01309,0.22202,0.96835,-299.47,-3.13845
0.36546,-0.00370,-1.05210,-2.92846,-332.26,-3.13845
0.35982,-0.01543,-2.44631,-7.21984,-295.05,-3.13845
0.34993,-0.04488,-3.65382,-10.97545,-189.41,-3.14159
0.33800,-0.08535,-4.38200,-13.29594,-33.66,-3.14788
0.32662,-0.12598,-4.42449,-13.52259,126.02,-3.15102
0.31903,-0.15678,-3.77257,-11.61616,259.44,-3.15416
0.31640,-0.17124,-2.55616,-7.94913,332.35,-3.16044
0.31929,-0.16469,-1.04842,-3.34259,321.25,-3.16358
0.32706,-0.13798,0.38181,1.02018,261.80,-3.16358
0.33762,-0.09975,1.52399,4.53244,153.69,-3.16673
0.34890,-0.05544,2.17090,6.56406,5.68,-3.16358
0.35859,-0.01469,2.16099,6.59492,-140.19,-3.16358
0.36394,0.01515,1.51308,4.67995,-267.75,-3.16044
0.36456,0.02721,0.32792,1.09589,-333.40,-3.16044
0.35974,0.01798,-1.11708,-3.32067,-320.49,-3.16358
0.35025,-0.00937,-2.47798,-7.51067,-242.35,-3.16358
0.33807,-0.04945,-3.47299,-10.61610,-108.27,-3.16673
0.32557,-0.09438,-3.86761,-11.90902,56.31,-3.17301
0.31590,-0.13327,-3.53929,-10.99749,214.27,-3.17615
0.31082,-0.15736,-2.53368,-7.99241,323.05,-3.17929
0.31151,-0.16089,-1.07663,-3.57154,358.89,-3.18243
0.31778,-0.14222,0.50619,1.24939,327.63,-3.18243
0.32810,-0.10635,1.91991,5.59389,225.63,-3.18243
0.34049,-0.06067,2.86144,8.52618,77.41,-3.18243
0.35235,-0.01381,3.13985,9.44781,-87.34,-3.17929
0.36037,0.02447,2.69270,8.15764,-241.16,-3.17615
0.36365,0.04539,1.59000,4.82457,-327.00,-3.17615
0.36107,0.04445,0.13760,0.42301,-358.15,-3.17615
0.35318,0.02331,-1.41954,-4.33454,-315.92,-3.17615
0.34134,-0.01497,-2.76123,-8.47633,-201.27,-3.17929
0.32791,-0.06261,-3.57811,-11.05413,-34.17,-3.18243
0.31544,-0.10960,-3.65566,-11.39027,145.79,-3.18558
0.30716,-0.14644,-2.94953,-9.34029,312.63,-3.19186
0.30447,-0.16370,-1.53759,-5.10341,413.07,-3.19500
0.30835,-0.15653,0.27883,0.35270,463.10,-3.19814
0.31815,-0.12671,2.27061,6.40001,421.16,-3.20128
0.33253,-0.07693,4.03406,11.83239,273.88,-3.20128
0.34897,-0.01592,5.12069,15.27380,45.86,-3.20128
0.36400,0.04464,5.19780,15.67250,-213.24,-3.19814
0.37316,0.09056,4.14854,12.62579,-442.57,-3.19500
0.37477,0.10869,2.13329,6.54864,-553.30,-3.19500
0.36743,0.09240,-0.31788,-0.88253,-562.98,-3.19500
0.35255,0.04486,-2.75706,-8.35719,-440.43,-3.19814
0.33288,-0.02512,-4.61351,-14.12760,-208.43,-3.20128
0.31250,-0.10296,-5.42666,-16.76484,83.96,-3.20442
0.29653,-0.17178,-4.95424,-15.50468,382.28,-3.20757
0.28833,-0.21567,-3.20190,-10.31725,613.09,-3.21071
0.29041,-0.22272,-0.48870,-2.15575,729.75,-3.21385
0.30291,-0.18935,2.66930,7.42292,707.13,-3.21699
0.32390,-0.12049,5.65648,16.55428,544.40,-3.21699
0.34968,-0.02981,7.87116,23.39940,275.85,-3.21699
0.37529,0.06626,8.87318,26.58932,-45.06,-3.21385
0.39500,0.14976,8.45765,25.43570,-338.68,-3.21071
0.40585,0.20336,6.77641,20.29843,-488.56,-3.21071
0.40574,0.21646,4.46931,13.12436,-459.70,-3.21071
0.39606,0.18995,2.31953,6.34023,-270.13,-3.21385
0.38089,0.13799,1.01981,2.14522,-5.86,-3.21699
0.36592,0.08128,0.88403,1.57795,232.21,-3.22013
0.35618,0.03864,1.78480,4.25972,390.63,-3.22327
0.35389,0.02082,3.35901,9.06859,447.27,-3.22642
0.35911,0.03017,5.15324,14.59911,406.24,-3.22956
0.36995,0.06290,6.73889,19.54142,273.08,-3.22956
0.38368,0.10951,7.72306,22.67373,84.06,-3.22956
0.39695,0.15755,7.87609,23.24766,-100.52,-3.22956
0.40568,0.19534,7.22358,21.31113,-237.20,-3.22642
0.40882,0.21252,5.99110,17.49270,-253.65,-3.22642
0.40587,0.20476,4.70251,13.40351,-142.81,-3.22956
0.39870,0.17913,3.90496,10.78217,35.63,-3.22956
0.39146,0.14746,3.88822,10.56194,226.70,-3.23270
0.38712,0.12338,4.69285,12.92644,355.73,-3.23584
0.38819,0.11707,6.04149,17.04096,388.28,-3.23898
0.39490,0.13260,7.50982,21.60957,309.90,-3.23898
0.40578,0.16583,8.62010,25.14192,148.53,-3.23898
0.41799,0.20771,9.02100,26.51194,-42.25,-3.23584
0.42716,0.24425,8.59020,25.28274,-190.90,-3.23584
0.43176,0.26384,7.52606,21.98189,-211.50,-3.23584
0.43070,0.26073,6.38305,18.31228,-93.31,-3.23584
0.42554,0.23883,5.75647,16.15449,117.57,-3.23898
0.42033,0.21159,6.04057,16.80864,329.78,-3.24212
0.41873,0.19576,7.22838,20.35652,432.74,-3.24212
0.42325,0.20138,8.84328,25.36683,385.10,-3.24527
0.43332,0.23055,10.23382,29.83168,187.28,-3.24527
0.44614,0.27405,10.76118,31.69679,-74.95,-3.24527
0.45621,0.31474,10.15323,30.00143,-281.99,-3.24527
0.46066,0.33466,8.66527,25.38924,-294.24,-3.24527
0.45763,0.32417,7.13641,20.42541,-85.14,-3.24527
0.44956,0.28862,6.51351,18.10844,270.39,-3.25155
0.44265,0.25066,7.41618,20.54707,580.97,-3.25469
0.44251,0.23551,9.63503,27.30486,650.71,-3.25783
0.45228,0.25844,12.13055,35.26013,403.08,-3.26097
0.46941,0.31535,13.54414,40.12712,-73.89,-3.26412
0.48591,0.38237,12.89999,38.59841,-523.63,-3.26412
0.49403,0.42110,10.33970,30.75040,-614.59,-3.26726
0.48873,0.40379,7.40948,21.21500,-208.32,-3.27040
0.47328,0.33710,6.23032,16.67085,560.71,-3.27668
0.45929,0.26445,8.33819,22.38380,1224.36,-3.28296
0.45965,0.24123,13.25861,37.53164,1241.26,-3.28925
0.48083,0.30164,18.21795,53.82107,400.17,-3.29553
0.51527,0.43302,19.55200,59.37571,-859.36,-3.29867
0.54219,0.55940,15.49466,47.45410,-1505.12,-3.30496
0.54261,0.57733,8.72158,25.75705,-940.03,-3.30810
0.51483,0.45712,4.38245,9.80658,1072.21,-3.31438
0.47991,0.28441,8.60248,19.73807,3416.01,-3.32066
0.47597,0.21553,22.78487,63.26605,3531.87,-3.33009
0.53297,0.39202,37.47575,113.69900,-346.13,-3.33637
0.62974,0.81915,35.47912,111.43325,-3902.60,-3.34580
0.68202,1.11278,18.58952,60.43781,-5140.08,-3.35208
0.64494,0.92768,-3.01503,-8.19171,-2969.06,-3.36150
0.53186,0.36838,-15.74739,-62.27273,8133.35,-3.37093
0.40803,-0.14673,18.32480,31.77575,15789.32,-3.38350
0.47175,-0.09279,85.02799,232.75518,17650.23,-3.39292
0.79276,0.74043,161.60062,541.79620,-31101.48,-3.40549
1.29756,3.39483,26.36551,337.74456,-169963.72,-3.41805
0.98563,0.83801,-842.00335,1476.06451,-2541559.50,-3.42748
-3.51183,1.52766,-28740.15112,-134281.47971,29151298.00,-3.44004
-0.44192,-0.00638,-4050921.78000,-12793918.49174,262576016.00,-3.45261
-19.31409,4.26597,ovf,ovf,ovf,-3.46832
108143.85746,-14325.83682,ovf,ovf,ovf,-3.48088
ovf,0.00000,ovf,ovf,inf,-3.49659
nan,nan,nan,nan,nan,-3.50916
nan,nan,nan,nan,nan,-3.52487
nan,nan,nan,nan,nan,-3.53743
nan,nan,nan,nan,nan,-3.55314
nan,nan,nan,nan,nan,-3.56885
nan,nan,nan,nan,nan,-3.58770
nan,nan,nan,nan,nan,-3.60341
nan,nan,nan,nan,nan,-3.62226
nan,nan,nan,nan,nan,-3.64111
nan,nan,nan,nan,nan,-3.65996
nan,nan,nan,nan,nan,-3.67881
nan,nan,nan,nan,nan,-3.70080
nan,nan,nan,nan,nan,-3.71965
nan,nan,nan,nan, 
Safety angle exceeded - Turning off controllers
-3.74478
-3.76677
-3.78876
-3.81389
-3.83903
-3.86730
-3.89558
-3.92071
-3.95212
-3.98040
-4.01181
-4.04323
-4.07779
-4.11235
-4.14690
-4.18460
-4.22230
-4.26000
-4.30084
-4.34168
-4.38252
-4.42650
-4.47049
-4.51761
-4.56473
-4.61186
-4.66212
-4.71553
-4.76580
-4.82235
-4.87575
-4.93230
-4.98885
-5.04854
-5.10823
-5.17106
-5.23389
-5.29673
-5.36270
-5.42867
-5.49465
-5.56376
-5.63288
-5.70199
-5.77111
-5.84336
-5.91562
-5.98788
-6.06013
-6.13239
-6.20465
-6.27690
-6.34916
-6.42142
-6.49367
-6.56593
-6.63819
-6.70730
-6.77642
-6.84553
-6.91465
-6.98062
-7.04659
-7.11257
-7.17540
-7.23823
-7.30106
-7.36075
-7.42044
-7.47699
-7.53354
-7.59009
-7.64350
-7.69376
-7.74717
-7.79429
-7.84456
-7.89168
-7.93880
-7.98279
-8.02363
-8.06761
-8.10845
-8.14615
-8.18385
-8.22155
-8.25611
-8.29066
-8.32522
-8.35664
-8.38805
-8.41633
-8.44460
-8.47288
-8.49801
-8.52314
-8.54827
-8.57026
-8.59226
-8.61425
-8.63310
-8.65195
-8.67080
-8.68650
-8.70221
-8.71792
-8.73363
-8.74619
-8.75876
-8.76819
-8.78075
-8.79018
-8.79960
-8.80588
-8.81217
-8.81845
-8.82473
-8.83102
-8.83416
-8.83730
-8.83730
-8.84044
-8.84044
-8.84044
-8.84044
-8.83730
-8.83730
-8.83416
-8.83102
-8.82473
-8.81845
-8.81217
-8.80588
-8.79960
-8.79018
-8.78075
-8.77133
-8.76190
-8.74934
-8.73677
-8.72420
-8.71164
-8.69593
-8.68022
-8.66451
-8.64566
-8.62681
-8.60796
-8.58912
-8.56712
-8.54513
-8.52000
-8.49801
-8.47288
-8.44460
-8.41947
-8.39119
-8.35978
-8.33150
-8.29695
-8.26553
-8.23097
-8.19642
-8.15872
-8.12102
-8.08332
-8.04248
-8.00164
-7.95765
-7.91367
-7.86969
-7.82257
-7.77230
-7.72518
-7.67177
-7.62150
-7.56810
-7.51469
-7.45814
-7.40159
-7.34190
-7.28221
-7.22252
-7.15969
-7.09686
-7.03403
-6.97119
-6.90522
-6.83925
-6.77013
-6.70416
-6.63504
-6.56593
-6.49681
-6.42770
-6.35858
-6.28947
-6.22035
-6.15124
-6.08212
-6.01301
-5.94389
-5.87792
-5.80881
-5.74283
-5.68000
-5.61403
-5.55119
-5.48836
-5.42867
-5.36898
-5.30929
-5.25274
-5.19305
-5.13965
-5.08624
-5.03283
-4.97942
-4.93230
-4.88203
-4.83491
-4.78779
-4.74381
-4.69982
-4.65898
-4.61814
-4.57730
-4.53960
-4.50190
-4.46734
-4.43279
-4.39823
-4.36681
-4.33854
-4.30712
-4.27885
-4.25372
-4.22858
-4.20345
-4.18146
-4.15947
-4.13748
-4.11863
-4.09978
-4.08407
-4.06836
-4.05265
-4.03695
-4.02438
-4.01496
-4.00239
-3.99296
-3.98668
-3.97726
-3.97097
-3.96783
-3.96155
-3.95841
-3.95527
-3.95527
-3.95527
-3.95527
-3.95841
-3.96155
-3.96469
-3.97097
-3.97411
-3.98354
-3.98982
-3.99925
-4.00867
-4.02124
-4.03066
-4.04323
-4.05894
-4.07465
-4.09035
-4.10606
-4.12491
-4.14376
-4.16575
-4.18460
-4.20973
-4.23173
-4.25686
-4.28199
-4.31027
-4.33854
-4.36996
-4.40137
-4.43279
-4.46420
-4.50190
-4.53646
-4.57416
-4.61186
-4.65270
-4.69354
-4.73752
-4.78150
-4.82549
-4.87261
-4.91973
-4.97000
-5.02027
-5.07053
-5.12394
-5.17735
-5.23389
-5.29044
-5.34699
-5.40668
-5.46637
-5.52606
-5.58889
-5.65173
-5.71456
-5.77739
-5.84336
-5.90620
-5.97217
-6.03814
-6.10412
-6.17009
-6.23606
-6.30204
-6.36801
-6.43398
-6.49996
-6.56279
-6.62876
-6.69159
-6.75442
-6.81726
-6.88009
-6.93978
-6.99947
-7.05602
-7.11571
-7.17226
-7.22566
-7.28221
-7.33562
-7.38589
-7.43615
-7.48642
-7.53354
-7.58066
-7.62779
-7.67177
-7.71575
-7.75659
-7.79429
-7.83513
-7.87283
-7.90739
-7.94195
-7.97650
-8.00792
-8.03934
-8.07075
-8.09903
-8.12416
-8.15243
-8.17443
-8.19956
-8.22155
-8.24040
-8.25925
-8.27810
-8.29695
-8.31265
-8.32522
-8.33779
-8.35035
-8.36292
-8.37234
-8.37863
-8.38805
-8.39434
-8.39748
-8.40062
-8.40376
-8.40376
-8.40376
-8.40376
-8.40062
-8.39748
-8.39434
-8.38805
-8.38177
-8.37234
-8.36292
-8.35350
-8.34407
-8.33150
-8.31580
-8.30009
-8.28438
-8.26867
-8.24982
-8.23097
-8.20898
-8.18699
-8.16186
-8.13673
-8.11159
-8.08332
-8.05504
-8.02677
-7.99535
-7.96394
-7.92938
-7.89482
-7.85712
-7.81942
-7.78173
-7.74088
-7.70004
-7.65920
-7.61522
-7.56810
-7.52097
-7.47385
-7.42358
-7.37332
-7.32305
-7.26965
-7.21624
-7.16283
-7.10628
-7.04973
-6.99004
-6.93350
-6.87381
-6.81411
-6.75128
-6.69159
-6.62876
-6.56593
-6.50310
-6.44026
-6.37743
-6.31146
-6.24863
-6.18580
-6.12296
-6.06013
-5.99730
-5.93761
-5.88106
-5.83708
-5.79938
-5.76482
-5.73341
-5.70827
-5.68942
-5.67372
-5.66429
-5.65801
-5.65487
-5.65487
-5.65487
-5.66115
-5.66429
-5.67372
-5.68000
-5.68942
-5.69885
-5.70827
-5.71770
-5.72712
-5.73655
-5.74597
-5.75540
-5.76796
-5.77739
-5.78681
-5.79624
-5.80881
-5.82137
-5.83394
-5.84650
-5.85907
-5.87478
-5.89049
-5.90620
-5.92190
-5.93761
-5.95646
-5.97217
-5.98788
-6.00673
-6.02558
-6.04443
-6.06013
-6.08212
-6.10097
-6.11982
-6.13867
-6.15752
-6.17951
-6.19836
-6.22035
-6.23920
-6.25805
-6.28004
-6.29889
-6.31774
-6.33973
-6.35858
-6.37743
-6.39628
-6.41513
-6.43398
-6.45283
-6.47168
-6.49053
-6.50624
-6.52509
-6.54080
-6.55965
-6.57535
-6.59106
-6.60677
-6.62248
-6.63504
-6.65075
-6.66332
-6.67588
-6.68845
-6.70102
-6.71358
-6.72301
-6.73558
-6.74500
-6.75442
-6.76071
-6.77013
-6.77642
-6.78270
-6.78898
-6.79527
-6.79841
-6.80469
-6.80783
-6.80783
-6.81097
-6.81097
-6.81411
-6.81411
-6.81411
-6.81097
-6.80783
-6.80783
-6.80469
-6.79841
-6.79527
-6.78898
-6.78270
-6.77642
-6.77013
-6.76071
-6.75442
-6.74500
-6.73558
-6.72615
-6.71358
-6.70416
-6.69159
-6.67903
-6.66646
-6.65075
-6.63819
-6.62248
-6.60991
-6.59420
-6.57850
-6.56279
-6.54708
-6.52823
-6.51252
-6.49681
-6.47796
-6.45912
-6.44341
-6.42456
-6.40571
-6.38686
-6.36801
-6.34916
-6.33031
-6.31146
-6.29261
-6.27376
-6.25491
-6.23606
-6.21721
-6.19836
-6.17951
-6.16066
-6.14181
-6.12611
-6.11040
-6.09783
-6.08841
-6.07898
-6.07270
-6.06642
-6.06327
-6.06013
-6.05699
-6.05699
-6.05699
-6.05699
-6.06013
-6.06013
-6.06327
-6.06327
-6.06642
-6.06956
-6.06956
-6.07270
-6.07584
-6.08212
-6.08527
-6.08841
-6.09155
-6.09783
-6.10097
-6.10726
-6.11040
-6.11668
-6.12296
-6.12611
-6.13239
-6.13867
-6.14496
-6.15124
-6.15752
-6.16695
-6.17323
-6.17951
-6.18580
-6.19522
-6.20150
-6.20779
-6.21721
-6.22350
-6.22978
-6.23920
-6.24549
-6.25491
-6.26119
-6.27062
-6.27690
-6.28633
-6.29261
-6.30204
-6.30832
-6.31774
-6.32403
-6.33031
-6.33973
-6.34602
-6.35230
-6.36173
-6.36801
-6.37429
-6.38058
-6.38686
-6.39314
-6.39942
-6.40571
-6.41199
-6.41827
-6.42456
-6.43084
-6.43398
-6.44026
-6.44341
-6.44969
-6.45283
-6.45912
-6.46226
-6.46540
-6.46854
-6.47168
-6.47482
-6.47796
-6.47796
-6.48111
-6.48111
-6.48425
-6.48425
-6.48739
-6.48739
-6.48739
-6.48739
-6.48739
-6.48739
-6.48425
-6.48425
-6.48425
-6.48111
-6.48111
-6.47796
-6.47482
-6.47168
-6.46854
-6.46540
-6.46226
-6.45912
-6.45597
-6.45283
-6.44655
-6.44341
-6.43712
-6.43398
-6.42770
-6.42456
-6.41827
-6.41199
-6.40571
-6.39942
-6.39314
-6.38686
-6.38058
-6.37429
-6.36801
-6.36173
-6.35544
-6.34916
-6.33973
-6.33345
-6.32717
-6.32088
-6.31146
-6.30518
-6.29889
-6.28947
-6.28319
-6.27690
-6.26748
-6.26119
-6.25491
-6.24549
-6.23920
-6.23292
-6.22664
-6.21721
-6.21093
-6.20465
-6.19836
-6.19208
-6.18580
-6.17951
-6.17323
-6.16695
-6.16066
-6.15438
-6.14810
-6.14496
-6.13867
-6.13553
-6.12925
-6.12611
-6.11982
-6.11668
-6.11354
-6.11040
-6.10412
-6.10097
-6.09783
-6.09783
-6.09469
-6.09155
-6.09155
-6.08841
-6.08841
-6.08527
-6.08527
-6.08527
-6.08527
-6.08212
-6.08212
-6.08212
-6.08527
-6.08527
-6.08527
-6.08841
-6.08841
-6.09155
-6.09469
-6.09469
-6.09783
-6.10097
-6.10412
-6.10726
-6.11040
-6.11354
-6.11982
-6.12296
-6.12611
-6.13239
-6.13553
-6.14181
-6.14496
-6.15124
-6.15752
-6.16066
-6.16695
-6.17323
-6.17951
-6.18580
-6.19208
-6.19836
-6.20465
-6.21093
-6.21721
-6.22350
-6.22978
-6.23606
-6.24549
-6.25177
-6.25805
-6.26434
-6.27062
-6.27690
-6.28633
-6.29261
-6.29889
-6.30518
-6.31146
-6.31774
-6.32403
-6.33031
-6.33659
-6.34288
-6.34916
-6.35544
-6.36173
-6.36801
-6.37429
-6.38058
-6.38372
-6.39000
-6.39314
-6.39942
-6.40257
-6.40885
-6.41199
-6.41827
-6.42142
-6.42456
-6.42770
-6.43084
-6.43398
-6.43712
-6.44026
-6.44341
-6.44341
-6.44655
-6.44969
-6.44969
-6.44969
-6.45283
-6.45283
-6.45283
-6.45283
-6.45283
-6.45283
-6.45283
-6.45283
-6.45283
-6.45283
-6.44969
-6.44969
-6.44655
-6.44655
-6.44341
-6.44026
-6.44026
-6.43712
-6.43398
-6.43084
-6.42770
-6.42456
-6.42142
-6.41827
-6.41513
-6.40885
-6.40571
-6.40257
-6.39628
-6.39314
-6.39000
-6.38372
-6.38058
-6.37429
-6.37115
-6.36487
-6.35858
-6.35544
-6.34916
-6.34288
-6.33973
-6.33345
-6.32717
-6.32088
-6.31774
-6.31146
-6.30518
-6.30204
-6.29575
-6.28947
-6.28319
-6.28004
-6.27376
-6.26748
-6.26119
-6.25805
-6.25177
-6.24549
-6.24234
-6.23606
-6.23292
-6.22664
-6.22350
-6.21721
-6.21407
-6.20779
-6.20465
-6.20150
-6.19522
-6.19208
-6.18894
-6.18580
-6.18266
-6.17637
-6.17323
-6.17009
-6.17009
-6.16695
-6.16381
-6.16066
-6.15752
-6.15752
-6.15438
-6.15438
-6.15124
-6.15124
-6.15124
-6.14810
-6.14810
-6.14810
-6.14810
-6.14810
-6.14810
-6.14810
-6.14810
-6.14810
-6.15124
-6.15124
-6.15124
-6.15438
-6.15438
-6.15752
-6.15752
-6.16066
-6.16381
-6.16381
-6.16695
-6.17009
-6.17323
-6.17637
-6.17951
-6.18266
-6.18580
-6.18894
-6.19208
-6.19522
-6.19836
-6.20150
-6.20779
-6.21093
-6.21407
-6.21721
-6.22350
-6.22664
-6.22978
-6.23606
-6.23920
-6.24234
-6.24863
-6.25177
-6.25805
-6.26119
-6.26434
-6.27062
-6.27376
-6.27690
-6.28319
-6.28633
-6.28947
-6.29575
-6.29889
-6.30204
-6.30832
-6.31146
-6.31460
-6.31774
-6.32088
-6.32717
-6.33031
-6.33345
-6.33659
-6.33973
-6.34288
-6.34602
-6.34916
-6.35230
-6.35544
-6.35858
-6.35858
-6.36173
-6.36487
-6.36801
-6.36801
-6.37115
-6.37115
-6.37429
-6.37429
-6.37743
-6.37743
-6.37743
-6.38058
-6.38058
-6.38058
-6.38058
-6.38058
-6.38058
-6.38058
-6.38058
-6.38058
-6.38058
-6.38058
-6.38058
-6.37743
-6.37743
-6.37743
-6.37429
-6.37429
-6.37115
-6.37115
-6.36801
-6.36801
-6.36487
-6.36487
-6.36173
-6.35858
-6.35544
-6.35544
-6.35230
-6.34916
-6.34602
-6.34288
-6.34288
-6.33973
-6.33659
-6.33345
-6.33031
-6.32717
-6.32403
-6.32088
-6.31774
-6.31460
-6.31146
-6.30832
-6.30518
-6.30204
-6.29889
-6.29575
-6.29261
-6.28947
-6.28633
-6.28319
-6.28004
-6.27690
-6.27690
-6.27376
-6.27062
-6.26748
-6.26434
-6.26119
-6.25805
-6.25805
-6.25491
-6.25177
-6.24863
-6.24863
-6.24549
-6.24234
-6.24234
-6.23920
-6.23920
-6.23606
-6.23606
-6.23292
-6.23292
-6.22978
-6.22978
-6.22664
-6.22664
-6.22664
-6.22664
-6.22350
-6.22350
-6.22350
-6.22350
-6.22350
-6.22350
-6.22350
-6.22350
-6.22350
-6.22350
-6.22350
-6.22350
-6.22350
-6.22350
-6.22350
-6.22350
-6.22664
-6.22664
-6.22664
-6.22978
-6.22978
-6.22978
-6.23292
-6.23292
-6.23292
-6.23606
-6.23606
-6.23920
-6.23920
-6.24234
-6.24234
-6.24549
-6.24549
-6.24863
-6.24863
-6.25177
-6.25177
-6.25491
-6.25491
-6.25805
-6.26119
-6.26119
-6.26434
-6.26434
-6.26748
-6.27062
-6.27062
-6.27376
-6.27376
-6.27690
-6.28004
-6.28004
-6.28319
-6.28319
-6.28633
-6.28633
-6.28947
-6.29261
-6.29261
-6.29575
-6.29575
-6.29889
-6.29889
-6.30204
-6.30204
-6.30518
-6.30518
-6.30518
-6.30832
-6.30832
-6.31146
-6.31146
-6.31146
-6.31460
-6.31460
-6.31460
-6.31460
-6.31774
-6.31774
-6.31774
-6.31774
-6.31774
-6.31774
-6.31774
-6.32088
-6.32088
-6.32088
-6.32088
-6.32088
-6.32088
-6.32088
-6.32088
-6.31774
-6.31774
-6.31774
-6.31774
-6.31774
-6.31774
-6.31460
-6.31460
-6.31460
-6.31460
-6.31460
-6.31146
-6.31146
-6.31146
-6.31146
-6.30832
-6.30832
-6.30832
-6.30518
-6.30518
-6.30518
-6.30204
-6.30204
-6.30204
-6.29889
-6.29889
-6.29889
-6.29575
-6.29575
-6.29575
-6.29261
-6.29261
-6.29261
-6.28947
-6.28947
-6.28947
-6.28633
-6.28633
-6.28633
-6.28319
-6.28319
-6.28319
-6.28004
-6.28004
-6.28004
-6.27690
-6.27690
-6.27690
-6.27690
-6.27376
-6.27376
-6.27376
-6.27376
-6.27062
-6.27062
-6.27062
-6.27062
-6.27062
-6.26748
-6.26748
-6.26748
-6.26748
-6.26748
-6.26748
-6.26748
-6.26748
-6.26434
-6.26434
-6.26434
-6.26434
-6.26434
-6.26434
-6.26434
-6.26434
-6.26434
-6.26434
-6.26434
-6.26434
-6.26434
-6.26434
-6.26434
-6.26434
-6.26434
-6.26748
-6.26748
-6.26748
-6.26748
-6.26748
-6.26748
-6.26748
-6.26748
-6.26748
-6.26748
-6.26748
-6.27062
-6.27062
-6.27062
-6.27062
-6.27062
-6.27062
-6.27062
-6.27062
-6.27376
-6.27376
-6.27376
-6.27376
-6.27376
-6.27376
-6.27376
-6.27690
-6.27690
-6.27690
-6.27690
-6.27690
-6.27690
-6.27690
-6.28004
-6.28004
-6.28004
-6.28004
-6.28004
-6.28004
-6.28004
-6.28319
-6.28319
-6.28319
-6.28319
-6.28319
-6.28319
-6.28319
-6.28319
-6.28319
-6.28319
-6.28319
-6.28319
-6.28319
-6.28633
-6.28633
-6.28633
-6.28633
-6.28633
-6.28633
-6.28633
-6.28633
-6.28633
-6.28633
-6.28633
-6.28633
-6.28633
-6.28633
-6.28633
-6.28633
-6.28633
-6.28633
-6.28633
-6.28633
-6.28633
-6.28633
-6.28633
-6.28633
-6.28633
-6.28319
-6.28319
-6.28319
-6.28319
-6.28319
-6.28319
-6.28319
-6.28319
-6.28319
-6.28319
-6.28319
-6.28319
-6.28319
-6.28319
-6.28319
-6.28319
-6.28319
-6.28319
-6.28319
-6.28319
-6.28319
-6.28319
-6.28319
-6.28319
-6.28319
-6.28319
-6.28319
-6.28319
-6.28319
-6.28004
-6.28004
-6.28004
-6.28004
-6.28004
-6.28004
-6.28004
-6.28004
-6.28004
-6.28004
-6.28004
-6.28004
-6.28004
-6.28004
-6.28004
-6.28004
-6.28004
-6.28004
-6.28004
-6.28004
-6.28004
-6.28004
-6.28004
-6.28004
-6.28004
-6.28004
-6.28004
-6.28004
-6.28004
-6.28004
-6.28004
-6.28004
-6.28004
-6.28004
-6.28004
-6.28004
-6.28004
-6.28004
-6.28004
-6.28004
-6.28004
-6.28004
-6.28004
-6.28004
-6.28004
-6.28004
-6.28004
-6.28004
-6.28004
-6.28004
-6.28004
-6.28004
-6.28004
-6.28004
-6.28004
-6.28004
-6.28004
-6.28004
-6.28004
-6.28004
-6.28004
-6.28004
-6.28004
-6.28004
-6.28004
-6.28004
-6.28004
-6.28004
-6.28004
-6.28004
-6.28004
-6.28004
-6.28004
-6.28004
-6.28004
-6.28004
-6.28004
-6.28004
-6.28004
-6.28004
-6.28004
-6.28004
-6.28004
-6.28004
-6.28004
-6.28004
-6.28004
-6.28004
-6.28004
-6.28004
-6.28004
-6.28004
-6.28004
-6.28004
-6.28004
-6.28004
-6.28004
-6.28004
-6.28004
-6.28004
-6.28004
-6.28004
-6.28004
-6.28004
-6.28004
-6.28004
-6.28004
-6.28004
-6.28004
-6.28004
-6.28004
-6.28004
-6.28004
-6.28004
-6.28319
-6.28319
-6.28319
-6.28319
-6.28319
-6.28319
-6.28319
-6.28319
-6.28319
-6.28319
-6.28319
-6.28319
-6.28319
-6.28319
-6.28319
-6.28319
-6.28319
-6.28319
-6.28319
-6.28319
-6.28319
-6.28319
-6.28319
-6.28319
-6.28319
-6.28319
-6.28319
-6.28319
-6.28319
-6.28319
-6.28319
-6.28319
-6.28319
-6.28319
-6.28319
-6.28319
-6.28319
-6.28319
-6.28319
-6.28319
-6.28319
-6.28319
-6.28319
-6.28319
-6.28319
-6.28319
-6.28319
-6.28319
-6.28319
-6.28319
-6.28319
-6.28319
-6.28319
-6.28319
-6.28319
-6.28319
-6.28319
-6.28319
-6.28319
-6.28319
-6.28319
-6.28319
-6.28319
-6.28319
-6.28319
-6.28319
-6.28319
-6.28319
-6.28319
-6.28319
-6.28319
-6.28319
-6.28319
-6.28319
-6.28319
-6.28319
-6.28319
-6.28319
-6.28319
-6.28319
-6.28319
-6.28319
-6.28319
-6.28319
-6.28319
-6.28319
-6.28319
-6.28319
-6.28319
-6.28319
-6.28319
-6.28319
-6.28319
-6.28319
-6.28319
-6.28319
-6.28319
-6.28319
-6.28319
-6.28319
-6.28319
-6.28319
-6.28319
-6.28319
-6.28319
-6.28319
-6.28319
-6.28319
-6.28319
-6.28319
-6.28319
-6.28319
-6.28319
-6.28319
-6.28319
-6.28319
-6.28319
-6.28319
-6.28319
-6.28319
-6.28319
-6.28319
-6.28633
-6.28633
-6.28633
-6.28633
-6.28633
-6.28633
-6.28633
-6.28633
-6.28633
-6.28633
-6.28633
-6.28633
-6.28633
-6.28633
-6.28633
-6.28633
-6.28633
-6.28633
-6.28633
-6.28633
-6.28633
-6.28633
-6.28633
-6.28947
-6.28947
-6.28947
-6.28947
-6.28947
-6.28947
-6.28947
-6.28947
-6.28947
-6.29261
-6.29261
-6.29261
-6.29261
-6.29261
-6.29261
-6.29575
-6.29575
-6.29575
-6.29575
-6.29575
-6.29575
-6.29889
-6.29889
-6.29889
-6.29889
-6.29889
-6.29889
-6.30204
-6.30204
-6.30204
-6.30204
-6.30204
-6.30204
-6.30518
-6.30518
-6.30518
-6.30518
-6.30518
-6.30832
-6.30832
-6.30832
-6.30832
-6.30832
-6.30832
-6.30832
-6.30832
-6.31146
-6.31146
-6.31146
-6.31146
-6.31146
-6.31146
-6.31146
-6.31146
-6.31146
-6.31146
-6.31146
-6.31146
-6.31146
-6.31146
-6.31146
-6.31146
-6.31146
-6.31146
-6.31146
-6.31146
-6.31146
-6.31146
-6.31146
-6.31146
-6.31146
-6.31146
-6.31146
-6.31146
-6.31146
-6.31146
-6.31146
-6.31146
-6.31146
-6.30832
-6.30832
-6.30832
-6.30832
-6.30832
-6.30832
-6.30832
-6.30832
-6.30832
-6.30832
-6.30832
-6.30832
-6.30832
-6.30518
-6.30518
-6.30518
-6.30518
-6.30518
-6.30518
-6.30518
-6.30518
-6.30518
-6.30518
-6.30518
-6.30518
-6.30518
-6.30518
-6.30518
-6.30518
-6.30518
-6.30204
-6.30204
-6.30204
-6.30204
-6.30204
-6.30204
-6.30204
-6.30204
-6.30204
-6.30204
-6.30204
-6.30204
-6.29889
-6.29889
-6.29889
-6.29889
-6.29889
-6.29889
-6.29889
-6.29889
-6.29889
-6.29575
-6.29575
-6.29575
-6.29575
-6.29575
-6.29575
-6.29261
-6.29261
-6.29261
-6.29261
-6.29261
-6.29261
-6.28947
-6.28947
-6.28947
-6.28947
-6.28947
-6.28633
-6.28633
-6.28633
-6.28633
-6.28633
-6.28319
-6.28319
-6.28319
-6.28319
-6.28319
-6.28004
-6.28004
-6.28004
-6.28004
-6.28004
-6.27690
-6.27690
-6.27690
-6.27690
-6.27690
-6.27690
-6.27376
-6.27376
-6.27376
-6.27376
-6.27376
-6.27376
-6.27376
-6.27062
-6.27062
-6.27062
-6.27062
-6.27062
-6.27062
-6.27062
-6.27062
-6.27062
-6.27062
-6.27062
-6.26748
-6.26748
-6.26748
-6.26748
-6.26748
-6.26748
-6.26748
-6.26748
-6.26748
-6.26748
-6.26748
-6.26748
-6.26748
-6.26748
-6.26748
-6.26748
-6.26748
-6.26748
-6.26748
-6.26748
-6.26748
-6.26748
-6.26748
-6.27062
-6.27062
-6.27062
-6.27062
-6.27062
-6.27062
-6.27062
-6.27062
-6.27062
-6.27062
-6.27062
-6.27062
-6.27062
-6.27062
-6.27062
-6.27062
-6.27062
-6.27062
-6.27376
-6.27376
-6.27376
-6.27376
-6.27376
-6.27376
-6.27376
-6.27376
-6.27376
-6.27376
-6.27376
-6.27376
-6.27376
-6.27376
-6.27376
-6.27376
-6.27376
-6.27690
-6.27690
-6.27690
-6.27690
-6.27690
-6.27690
-6.27690
-6.27690
-6.27690
-6.27690
-6.27690
-6.27690
-6.27690
-6.27690
-6.27690
-6.27690
-6.27690
-6.27690
-6.27690
-6.27690
-6.27690
-6.27690
-6.27690
-6.27690
-6.27690
-6.27690
-6.27690
-6.27690
-6.27690
-6.27690
-6.27690
-6.27690
-6.27690
-6.27690
-6.27690
-6.27690
-6.27690
-6.27690
-6.27690
-6.27690
-6.27690
-6.27690
-6.27690
-6.27690
-6.27690
-6.27690
-6.27690
-6.27690
-6.27690
-6.27690
-6.27690
-6.27690
-6.27690
-6.27690
-6.27690
-6.27690
-6.27690
-6.27690
-6.27690
-6.27690
-6.27690
-6.27690
-6.27690
-6.27690
-6.27690
-6.27690
-6.27690
-6.27690
-6.27690
-6.27690
-6.27690
-6.27690
-6.27690
-6.27690
-6.27690
-6.27690
-6.27690
-6.27690
-6.27690
-6.27690
-6.27690
-6.27690
-6.27690
-6.27690
-6.27690
-6.27690
-6.27690
-6.27690
-6.27690
-6.27690
-6.27690
-6.27690
-6.27690
-6.27690
-6.27690
-6.27690
-6.27690
-6.27690
-6.27690
-6.27690
-6.27690
-6.27690
-6.27690
-6.27690
-6.27690
-6.27690
-6.27690
-6.27690
-6.27690
-6.27690
-6.27690
-6.27690
-6.27690
-6.27690
-6.27690
-6.27690
-6.27690
-6.27690
-6.27690
-6.27690
-6.27690
-6.27690
-6.27690
-6.27690
-6.27690
-6.27690
-6.27690
-6.27690
-6.27690
-6.27690
-6.27690
-6.27690
-6.27690
-6.27690
-6.27690
-6.27690
-6.27690
-6.27690
-6.27690
-6.27690
-6.27690
-6.27690
-6.27690
-6.27690
-6.27690
-6.27690
-6.27690
-6.27690
-6.27690
-6.27690
-6.27690
-6.27690
-6.27690
-6.27690
-6.27690
-6.27690
-6.27690
-6.27690
-6.27690
-6.27690
-6.27690
-6.27690
-6.27690
-6.27690
-6.27690
-6.27690
-6.27690
-6.27690
-6.27690
-6.27690
-6.27690
-6.27690
-6.27690
-6.27690
-6.27690
-6.27690
-6.27690
-6.27690
-6.27690
-6.27690
-6.27690
-6.27690
-6.27690
-6.27690
-6.27690
-6.27690
-6.27690
-6.27690
-6.27690
-6.27690
-6.27690
-6.27690
-6.27690
-6.27690
-6.27690
-6.27690
-6.27690
-6.27690
-6.27690
-6.27690
-6.27690
-6.27690
-6.27690
-6.27690
-6.27690
-6.27690
-6.27690
-6.27690
-6.27690
-6.27690
-6.27690
-6.27690
-6.27690
-6.27690
-6.27690
-6.27690
-6.27690
-6.27690
-6.27690
-6.27690
-6.27690
-6.27690
-6.27690
-6.27690
-6.27690
-6.27690
-6.27690
-6.27690
-6.27690
-6.27690
-6.27690
-6.27690
-6.27690
-6.27690
-6.27690
-6.27690
-6.27690
-6.27690
-6.27690
-6.27690
-6.27690
-6.27690
-6.27690
-6.27690
-6.27690
-6.27690
-6.27690
-6.27690
-6.27690
-6.27690
-6.27690
-6.27690
-6.27690
-6.27690
-6.27690
-6.27690
-6.27690
-6.27690
-6.27690
-6.27690
-6.27690
-6.27690
-6.27690
-6.27690
-6.27690
-6.27690
-6.27690
-6.27690
-6.27690
-6.27690
-6.27690
-6.27690
-6.27690
-6.27690
-6.27690
-6.27690
-6.27690
-6.27690
-6.27690
-6.27690
-6.27690
-6.27690
-6.27690
-6.27690
-6.27690
-6.27690
-6.27690
-6.27690
-6.27690
-6.27690
-6.27690
-6.27690
-6.27690
-6.27690
-6.27690
-6.27690
-6.27690
-6.27690
-6.27690
-6.27690
-6.27690
-6.27690
-6.27690
-6.27690
-6.27690
-6.27690
-6.27690
-6.27690
-6.27690
-6.27690
-6.27690
-6.27690
-6.27690
-6.27690
-6.27690
-6.27690
-6.27690
-6.27690
-6.27690
-6.27690
-6.27690
-6.27690
-6.27690
-6.27690
-6.27690
-6.27690
-6.27690
-6.27690
-6.27690
-6.27690
-6.27690
-6.27690
-6.27690
-6.27690
-6.27690
-6.27690
-6.27690
-6.27690
-6.27690
-6.27690
-6.27690
-6.27690
-6.27690
-6.27690
-6.27690
-6.27690
-6.27690
-6.27690
-6.27690
-6.27690
-6.27690
-6.27690
-6.27690
-6.27690
-6.27690
-6.27690
-6.27690
-6.27690
-6.27690
-6.27690
-6.27690
-6.27690
-6.27690
-6.27690
-6.27690
-6.27690
-6.27690
-6.27690
-6.27690
-6.27690
-6.27690
-6.27690
-6.27690
-6.27690
-6.27690
-6.27690
-6.27690
-6.27690
-6.27690
-6.27690
-6.27690
-6.27690
-6.27690
-6.27690
-6.27690
-6.27690
-6.27690
-6.27690
-6.27690
-6.27690
-6.27690
-6.27690
-6.27690
-6.27690
-6.27690
-6.27690
-6.27690
-6.27690
-6.27690
-6.27690
-6.27690
-6.27690
-6.27690
-6.27690
-6.27690
-6.27690
-6.27690
-6.27690
-6.27690
-6.27690
-6.27690
-6.27690
-6.27690
-6.27690
-6.27690
-6.27690
-6.27690
-6.27690
-6.27690
-6.27690
-6.27690
-6.27690
-6.27690
-6.27690
-6.27690
-6.27690
-6.27690
-6.27690
-6.27690
-6.27690
-6.27690
-6.27690
-6.27690
-6.27690
-6.27690
-6.27690
-6.27690
-6.27690
-6.27690
-6.27690
-6.27690
-6.27690
-6.27690
-6.27690
-6.27690
-6.27690
-6.27690
-6.27690
-6.27690
-6.27690
-6.27690
-6.27690
-6.27690
-6.27690
-6.27690
-6.27690
-6.27690
-6.27690
-6.27690
-6.27690
-6.27690
-6.27690
-6.27690
-6.27690
-6.27690
-6.27690
-6.27690
-6.27690
-6.27690
-6.27690
-6.27690
-6.27690
-6.27690
-6.27690
-6.27690
-6.27690
-6.27690
-6.27690
-6.27690
-6.27690
-6.27690
-6.27690
-6.27690
-6.27690
-6.27690
-6.27690
-6.27690
-6.27690
-6.27690
-6.27690
-6.27690
-6.27690
-6.27690
-6.27690
-6.27690
-6.27690
-6.27690
